"1789-Washington" "1793-Washington" "1797-Adams" "1801-Jefferson" "1805-Jefferson" "1809-Madison" "1813-Madison" "1817-Monroe" "1821-Monroe" "1825-Adams" "1829-Jackson" "1833-Jackson" "1837-VanBuren" "1841-Harrison" "1845-Polk" "1849-Taylor" "1853-Pierce" "1857-Buchanan" "1861-Lincoln" "1865-Lincoln" "1869-Grant" "1873-Grant" "1877-Hayes" "1881-Garfield" "1885-Cleveland" "1889-Harrison" "1893-Cleveland" "1897-McKinley" "1901-McKinley" "1905-Roosevelt" "1909-Taft" "1913-Wilson" "1917-Wilson" "1921-Harding" "1925-Coolidge" "1929-Hoover" "1933-Roosevelt" "1937-Roosevelt" "1941-Roosevelt" "1945-Roosevelt" "1949-Truman" "1953-Eisenhower" "1957-Eisenhower" "1961-Kennedy" "1965-Johnson" "1969-Nixon" "1973-Nixon" "1977-Carter" "1981-Reagan" "1985-Reagan" "1989-Bush" "1993-Clinton" "1997-Clinton" "2001-Bush" "2005-Bush" "2009-Obama" "2013-Obama" "2017-Trump" "2021-Biden" "2025-Trump"
"can" 9 0 9 3 6 5 1 7 3 3 5 3 9 26 12 2 14 6 28 0 3 4 2 13 2 5 9 13 2 2 18 4 5 11 26 17 11 9 0 3 16 6 9 9 5 17 14 13 7 6 11 6 8 6 7 13 7 1 16 2
"everi" 9 0 5 2 4 2 5 14 13 5 1 0 20 13 11 1 9 5 4 2 6 1 6 4 5 5 9 12 3 3 8 8 0 4 4 3 4 4 3 0 2 4 0 2 6 0 7 0 2 5 1 3 11 6 10 8 7 7 2 9
"govern" 9 1 20 14 3 0 3 22 16 22 8 15 18 51 48 8 10 15 19 1 4 5 17 21 16 11 15 24 15 2 28 9 2 14 16 24 4 16 5 0 5 3 0 1 0 5 10 4 19 18 5 4 10 4 6 4 4 4 0 11
"public" 6 0 6 4 15 6 3 8 5 9 8 3 4 11 8 3 6 9 2 2 5 1 11 2 11 17 8 13 6 0 1 0 0 2 5 10 4 2 0 0 0 0 0 0 1 0 0 0 1 0 1 0 1 4 2 1 0 1 1 2
"may" 6 1 13 8 10 1 2 10 15 3 4 4 11 34 13 4 9 15 13 3 5 2 6 7 4 12 4 11 3 0 18 3 2 10 8 6 8 1 2 1 1 4 15 3 1 0 2 1 1 2 2 0 4 0 3 3 4 0 5 0
"present" 5 1 4 0 3 2 1 5 3 1 2 2 8 5 4 1 5 5 5 1 0 3 2 2 0 2 2 6 1 0 4 0 1 1 1 1 3 1 2 0 0 0 0 1 0 0 1 0 3 0 0 0 0 1 0 0 0 0 1 0
"countri" 5 1 10 4 5 5 6 11 8 10 2 3 17 25 19 6 6 9 3 0 8 8 20 2 4 7 4 15 3 1 12 1 0 5 20 9 1 3 1 1 11 7 1 4 1 1 3 1 3 1 3 1 0 9 8 2 7 12 4 17
"duti" 5 0 3 2 8 3 1 9 6 9 3 4 5 16 16 6 5 5 4 0 1 1 4 6 5 13 3 11 4 3 8 3 4 3 5 3 4 1 0 0 2 1 1 0 0 0 0 1 0 0 1 0 0 4 4 2 2 0 2 2
"one" 4 0 1 6 1 2 2 2 6 4 0 0 6 29 19 0 5 3 15 2 4 4 5 4 2 1 1 6 0 1 8 2 0 7 11 3 3 4 0 1 1 5 2 1 5 7 5 2 8 14 2 1 10 1 9 2 6 9 15 7
"hand" 4 0 0 0 1 0 1 3 0 3 1 2 5 9 6 0 2 0 4 0 0 0 1 2 0 0 0 0 3 1 7 2 1 0 2 0 4 1 1 0 0 1 0 4 2 2 0 0 2 3 8 1 2 0 1 2 0 1 1 1
"citizen" 4 1 3 5 10 0 3 9 14 3 2 3 7 27 10 1 3 5 6 0 4 1 8 5 10 6 7 7 0 1 5 0 3 1 4 11 1 2 1 1 1 6 0 5 4 1 1 0 3 6 3 2 8 10 7 1 8 4 1 8
"execut" 4 2 3 1 2 0 0 4 6 3 3 0 3 27 8 5 0 2 5 0 3 4 1 4 4 8 2 7 11 0 9 0 0 1 0 3 2 0 0 0 0 1 0 0 0 0 0 0 0 0 2 0 0 0 0 0 1 0 0 2
"nation" 4 0 24 4 6 10 7 18 14 21 6 2 10 9 13 3 18 12 10 4 9 6 12 20 7 14 8 7 12 9 13 7 14 18 21 23 15 12 17 1 27 11 18 8 13 9 15 15 12 11 12 5 15 14 13 15 9 13 16 23
"peopl" 4 1 20 2 0 1 3 15 11 7 4 9 20 38 16 3 6 13 20 0 2 7 9 21 18 29 22 25 12 6 7 2 8 12 16 18 8 11 9 2 21 18 15 2 9 15 6 7 9 17 7 12 11 1 7 8 11 10 9 8
"unit" 4 1 3 2 1 3 5 13 16 2 1 4 3 12 13 2 3 8 5 0 3 0 8 9 2 0 2 12 9 0 6 0 4 2 2 2 2 5 3 0 10 4 2 4 0 2 0 2 2 2 3 0 0 3 7 2 2 4 4 8
"sinc" 4 0 1 0 1 0 0 0 8 5 1 1 1 4 2 0 0 3 1 0 0 1 0 2 0 0 0 4 2 0 2 0 2 1 2 0 0 0 1 0 1 1 0 1 0 2 1 0 0 1 2 1 0 1 0 0 0 0 0 0
"natur" 3 0 1 1 2 0 3 4 0 3 1 0 3 0 3 0 0 3 2 0 0 0 0 0 0 2 1 2 0 0 2 2 0 1 5 0 2 1 0 0 1 2 0 0 2 1 2 1 0 0 0 0 1 0 1 0 0 0 0 1
"just" 3 0 1 1 3 2 1 10 5 2 3 2 7 4 7 2 4 2 0 2 1 0 2 0 1 6 3 2 1 2 5 1 3 3 0 1 0 1 1 1 3 2 0 1 1 1 6 5 3 1 3 1 2 2 3 4 5 1 5 3
"circumst" 3 0 0 0 1 2 0 3 5 1 0 1 5 7 1 0 3 0 3 0 0 1 2 0 1 0 0 2 0 0 0 0 1 0 0 0 0 1 0 0 0 0 0 0 0 0 0 0 0 0 1 0 0 1 0 0 0 0 0 0
"care" 3 0 0 1 0 1 0 1 1 0 2 0 2 3 6 3 0 0 1 1 2 0 2 0 2 3 0 4 3 2 2 1 0 1 1 0 0 0 0 0 0 2 0 0 0 1 0 0 0 1 2 2 2 1 0 3 5 0 2 0
"liberti" 3 0 4 3 3 2 0 3 1 3 2 4 1 20 4 1 2 3 1 0 0 0 0 5 1 1 0 1 6 0 1 2 1 4 3 2 0 1 1 0 5 1 0 1 6 0 0 2 3 1 1 1 2 1 15 2 5 0 2 1
"happi" 3 0 5 5 2 2 0 7 2 2 0 4 6 1 10 0 2 3 0 0 1 0 2 0 1 2 0 1 1 1 1 0 0 2 0 2 1 2 0 0 1 0 0 0 1 0 0 0 2 0 0 1 1 0 0 1 4 0 0 0
"great" 3 0 5 2 1 0 0 21 29 9 1 3 8 24 7 2 8 11 6 1 2 5 9 12 2 14 2 18 5 7 9 14 4 6 16 4 5 4 2 1 5 3 5 1 7 7 12 2 5 7 10 2 6 3 4 3 3 6 5 11
"good" 3 0 6 5 4 1 1 1 5 0 3 3 2 5 2 1 5 2 4 0 2 4 3 4 4 5 3 2 2 3 3 3 1 5 2 2 4 8 0 0 2 4 2 3 0 5 1 2 1 1 9 0 2 3 4 3 0 3 5 0
"less" 3 0 1 1 2 0 2 7 3 1 0 0 2 3 2 1 2 2 2 2 1 2 1 1 1 4 2 1 3 1 1 0 1 2 3 0 1 0 1 0 0 1 4 0 0 0 1 0 1 1 1 3 3 1 0 7 0 0 0 0
"deliber" 3 0 1 0 0 1 0 0 0 2 0 0 1 2 0 0 1 0 2 0 0 0 1 0 0 1 0 0 0 0 1 0 0 3 0 0 0 0 0 0 0 0 0 0 0 0 0 0 0 0 0 0 0 0 0 0 0 0 0 0
"establish" 3 0 3 0 1 1 0 1 4 2 1 0 4 3 1 1 0 0 1 0 0 1 3 3 1 6 1 2 5 0 2 0 0 5 2 4 1 2 1 0 3 1 0 0 0 0 1 0 1 1 0 0 0 0 0 0 0 1 0 3
"depart" 3 0 0 0 0 2 0 3 2 3 0 0 0 14 4 1 2 2 2 0 2 0 1 1 0 4 0 0 1 0 6 0 0 0 1 3 0 0 0 0 0 0 0 0 0 0 0 0 0 0 0 0 0 0 0 0 0 0 0 2
"recommend" 3 0 3 0 0 0 0 1 2 2 0 1 0 5 1 2 0 0 1 0 1 2 1 0 0 0 0 1 1 0 6 0 0 2 0 1 1 0 0 0 0 0 0 0 0 0 0 0 0 0 0 0 0 0 0 0 0 0 0 0
"measur" 3 0 2 1 4 0 0 1 8 0 1 1 1 9 3 3 2 1 0 0 1 0 3 1 1 1 1 0 0 1 2 0 0 0 0 1 5 0 5 0 1 0 0 0 0 1 1 0 1 0 1 1 0 0 1 2 1 0 2 1
"shall" 3 3 4 6 7 0 0 6 6 4 6 3 5 10 11 15 9 18 17 5 1 3 4 8 10 18 4 12 7 2 12 6 9 8 2 4 7 5 1 7 5 11 2 5 3 4 7 0 1 2 0 1 2 0 0 3 0 0 2 0
"object" 3 0 3 1 1 0 1 5 6 2 1 3 3 7 13 3 4 2 8 1 1 0 1 1 1 0 1 0 1 0 2 0 0 0 1 1 0 1 1 0 0 0 0 0 0 0 0 0 1 0 0 0 0 0 1 0 0 0 2 1
"far" 3 0 1 1 0 1 0 2 1 2 1 0 4 8 5 1 3 1 3 0 2 3 1 4 0 0 2 4 1 0 4 0 1 0 0 2 0 2 1 1 0 2 2 2 0 2 1 0 1 0 1 0 1 0 0 2 0 1 2 1
"must" 3 0 2 2 3 0 0 4 2 0 2 4 5 9 12 0 9 2 8 3 2 1 6 0 0 6 4 23 4 6 19 1 3 23 17 15 9 2 4 2 9 10 9 1 10 1 2 8 10 12 9 18 10 6 6 8 17 3 10 1
"hous" 2 0 3 0 0 0 0 0 0 0 0 0 0 4 0 0 0 0 0 0 0 0 0 0 0 1 0 2 0 0 0 1 1 0 0 0 1 0 1 0 1 0 0 1 0 1 1 0 0 0 2 0 0 0 0 0 0 0 0 1
"repres" 2 0 3 1 0 1 0 1 2 2 0 1 1 5 0 0 0 0 0 0 0 2 1 0 0 1 1 1 1 0 0 1 0 4 9 0 0 0 0 0 0 0 0 0 0 0 0 0 0 1 0 0 0 0 0 0 1 0 0 0
"event" 2 0 0 0 1 0 0 4 4 1 0 3 4 0 0 0 0 4 2 0 0 3 1 0 0 1 0 2 2 0 0 0 1 0 0 0 2 0 0 0 2 2 0 0 0 0 0 0 0 0 0 0 0 0 2 0 0 0 0 1
"order" 2 0 4 1 3 0 0 1 5 1 0 0 1 0 0 0 0 0 1 0 0 0 2 2 1 5 0 3 5 0 6 1 2 11 2 2 2 3 0 0 2 0 0 1 1 2 1 0 2 1 0 1 0 1 1 1 0 1 0 5
"day" 2 0 1 1 1 0 0 1 0 0 0 1 1 3 0 3 2 2 0 0 1 2 0 1 0 2 1 1 1 2 1 3 1 0 1 0 4 5 4 2 0 3 1 2 4 2 1 1 6 5 9 0 3 2 7 5 0 4 12 7
"summon" 2 0 0 0 0 0 0 0 0 0 0 0 0 0 0 0 1 0 0 0 0 0 0 0 0 0 0 0 0 0 0 1 0 1 0 0 0 0 0 0 0 3 0 2 0 2 0 0 0 0 1 2 0 0 0 0 0 0 0 0
"whose" 2 0 0 2 3 2 1 1 6 0 3 0 5 4 4 1 0 1 1 0 0 0 2 2 0 5 2 1 0 0 2 0 0 0 0 1 0 2 0 0 2 0 0 1 0 0 0 0 3 0 0 2 3 1 0 1 0 0 0 0
"voic" 2 1 1 1 0 0 1 0 0 1 0 0 0 0 0 1 2 1 0 0 0 0 1 2 0 1 0 1 0 0 0 0 0 0 1 0 0 3 1 0 1 0 1 0 0 9 0 0 0 2 1 2 1 0 1 0 1 1 0 1
"never" 2 0 1 1 0 1 2 3 2 0 1 2 8 11 0 0 4 6 7 0 1 1 1 3 1 2 0 1 0 1 4 1 1 12 5 0 2 1 1 1 2 3 2 3 1 0 0 2 3 3 1 0 3 5 1 2 2 6 3 9
"love" 2 0 5 2 1 0 0 0 1 0 0 0 0 3 0 1 0 3 1 0 0 0 1 1 1 3 1 2 1 0 0 1 1 1 1 1 0 0 0 0 0 2 2 1 0 1 0 1 3 2 6 0 0 2 2 0 1 1 4 4
"retreat" 2 0 0 0 0 0 0 0 0 0 0 0 0 0 0 0 0 0 0 0 0 0 0 0 0 0 0 0 0 0 0 0 0 0 0 0 1 0 1 0 0 0 0 0 1 0 3 0 0 0 0 0 0 0 0 0 0 0 1 0
"hope" 2 0 1 2 0 1 0 0 1 4 2 0 9 4 2 3 8 1 3 2 1 0 1 2 1 4 2 1 1 0 11 2 1 6 7 5 1 2 3 1 4 9 8 4 4 5 2 2 4 5 8 3 2 2 7 3 3 1 3 2
"immut" 2 0 0 0 0 0 0 0 0 0 0 0 0 1 0 0 0 0 0 0 0 0 0 0 0 0 0 0 0 0 0 0 0 0 0 0 0 0 0 0 0 0 0 0 0 0 0 0 0 0 0 0 0 0 0 0 0 0 0 0
"declin" 2 0 1 0 0 0 0 0 0 0 0 0 1 2 0 0 0 0 0 0 0 0 0 0 0 0 0 1 0 0 0 0 0 0 0 0 0 0 0 0 0 0 0 0 0 0 0 0 1 0 0 0 0 1 0 1 0 0 0 1
"render" 2 0 0 0 1 2 2 2 0 1 1 0 0 1 0 0 1 0 0 0 0 1 0 0 0 0 0 0 0 0 1 0 0 1 0 0 0 0 0 0 0 0 0 0 0 0 0 0 0 1 0 0 0 0 0 0 0 0 0 0
"necessari" 2 0 3 2 1 0 3 3 7 0 0 0 3 8 3 2 1 6 2 0 3 0 0 2 0 6 2 2 1 0 10 0 0 1 6 0 0 1 0 0 0 0 0 0 0 0 0 1 0 0 0 1 1 1 2 0 0 0 0 0
"now" 1 2 0 1 3 1 3 0 6 3 1 3 5 5 4 2 3 7 15 2 8 3 6 9 0 5 3 10 10 2 5 3 4 1 2 0 3 3 0 1 6 0 3 2 5 9 1 3 5 10 1 5 6 2 4 6 5 6 5 9
"constitut" 2 2 9 3 6 1 0 8 0 12 3 5 6 45 19 6 13 17 34 1 3 1 9 19 8 14 4 3 4 0 5 0 0 2 7 1 4 2 2 1 0 1 0 0 0 1 0 0 1 0 0 0 0 0 1 0 1 0 3 2
"oath" 0 2 0 0 0 0 1 0 0 0 0 1 0 1 0 1 0 2 6 1 2 0 0 0 3 3 2 2 0 0 2 0 1 1 0 2 0 1 0 1 0 1 1 1 1 2 0 1 1 1 1 1 0 1 1 3 4 2 3 0
"call" 2 1 1 3 3 1 3 3 3 2 1 2 2 7 0 3 3 1 1 1 0 3 2 0 1 3 1 2 0 1 4 1 0 7 0 2 2 2 1 0 0 3 3 4 2 2 0 0 5 2 2 5 1 6 2 2 1 0 3 1
"administr" 2 1 3 3 1 0 1 4 2 4 0 2 0 4 6 1 6 3 6 0 1 1 4 7 2 4 0 3 2 0 10 1 0 6 4 5 0 0 0 0 1 0 0 1 0 1 0 0 2 0 0 0 0 0 0 0 0 1 0 4
"instanc" 2 1 0 0 0 0 0 0 4 0 0 0 4 5 1 0 0 1 2 0 0 0 1 0 0 0 0 0 0 0 2 0 0 1 0 0 0 0 0 0 0 0 0 0 0 0 0 0 0 0 0 0 0 0 0 0 0 0 0 0
"confid" 2 1 1 4 2 3 2 2 4 3 1 3 10 12 3 3 5 1 2 0 0 0 1 1 2 2 5 3 1 2 0 0 1 7 2 3 2 1 0 1 1 1 1 0 0 1 3 2 0 1 0 1 0 1 3 2 0 1 0 3
"fellow" 2 1 0 5 8 0 0 0 9 3 2 3 6 0 4 0 0 1 0 0 0 0 4 0 2 0 1 1 0 1 2 0 2 0 1 0 2 0 0 2 1 2 0 4 4 2 1 0 3 3 2 5 7 1 3 1 3 1 5 1
"offici" 2 1 0 0 0 0 0 1 0 0 1 1 0 0 3 0 1 1 2 0 0 0 1 0 2 2 1 0 1 0 0 0 0 0 0 3 0 0 0 0 0 0 0 0 0 0 0 0 0 0 0 0 0 0 0 0 0 0 0 1
"act" 1 1 0 0 4 0 0 1 3 0 1 1 1 12 3 0 5 2 4 0 0 2 2 1 1 2 0 0 4 2 2 0 0 0 2 1 3 0 2 0 0 2 1 0 0 0 5 0 5 2 3 2 0 2 5 1 6 0 3 2
"presid" 2 1 0 0 0 0 0 0 0 0 0 1 1 16 2 3 1 1 2 0 1 0 4 0 1 4 0 6 1 0 1 1 0 1 1 0 1 2 1 1 1 0 1 4 0 3 1 3 6 3 7 3 1 3 4 1 2 5 7 10
"function" 1 1 0 1 1 1 0 1 0 2 1 0 1 1 0 1 0 0 0 0 0 0 0 1 2 0 1 0 1 0 1 0 0 0 0 1 0 0 1 0 0 0 0 0 0 0 0 0 0 0 0 0 0 0 0 0 0 0 0 0
"express" 1 1 2 1 1 1 0 2 1 0 1 4 2 4 1 0 4 3 4 0 2 0 2 1 0 1 1 1 0 1 1 0 0 7 4 5 0 0 1 0 1 2 0 0 0 0 0 0 0 1 4 0 0 0 0 0 0 0 0 1
"distinguish" 1 1 0 0 0 1 2 2 1 1 0 0 0 4 2 1 1 0 1 0 0 0 0 0 0 0 0 0 0 0 4 0 0 0 0 0 0 0 0 0 0 0 0 0 0 0 0 0 0 0 0 0 0 1 1 0 1 0 1 0
"subject" 2 1 1 0 0 0 0 1 3 0 2 1 5 11 4 0 5 4 3 0 2 4 6 4 1 3 2 4 0 1 7 0 0 1 2 0 0 1 0 0 1 0 0 1 0 0 0 0 0 0 0 0 0 1 0 1 0 0 0 1
"honor" 2 1 7 2 1 3 4 4 3 1 2 0 4 3 5 3 2 1 0 0 2 1 2 1 0 5 1 3 6 0 2 0 0 0 2 0 1 0 0 3 1 5 7 0 0 2 1 1 0 1 0 0 0 2 5 1 0 0 3 3
"besid" 1 1 0 0 0 0 0 1 0 0 0 0 0 0 0 0 0 2 0 0 0 0 0 0 0 0 0 0 0 0 0 0 0 0 0 0 0 0 0 0 0 0 0 0 0 0 0 0 0 0 0 0 0 0 0 0 0 0 0 0
"proper" 1 1 0 1 0 0 1 3 4 0 3 1 0 7 4 1 2 2 5 1 2 1 1 1 1 3 0 3 0 0 18 1 0 0 0 2 0 1 0 0 0 1 0 0 0 0 0 0 0 1 0 0 0 0 0 0 0 0 0 0
"requir" 2 1 0 0 1 0 1 2 4 1 2 0 0 4 4 0 4 5 1 0 3 1 1 2 1 2 1 0 2 0 7 0 0 2 7 0 2 2 0 0 1 1 0 1 2 0 2 1 3 0 0 1 0 1 2 1 8 0 2 0
"occas" 1 1 2 0 4 1 0 0 1 0 1 1 2 3 1 0 0 2 0 2 0 0 1 0 1 5 1 0 1 0 1 1 0 2 0 2 0 0 0 0 1 0 0 0 1 0 0 0 1 1 0 0 0 0 0 0 0 0 1 0
"take" 1 1 0 1 1 0 0 1 2 0 1 2 0 4 3 2 1 3 7 1 0 0 0 0 2 2 1 3 3 0 6 1 0 3 1 2 3 2 1 0 2 0 0 1 0 1 1 1 3 2 3 2 1 1 0 2 1 1 2 3
"upon" 0 1 5 1 0 2 0 1 0 16 0 5 13 34 14 2 24 3 15 1 4 4 15 13 5 21 6 31 11 1 16 8 13 6 12 17 4 6 2 1 2 10 6 0 2 0 0 1 5 2 0 0 3 1 1 3 2 0 0 0
"chief" 0 1 0 0 0 0 1 1 1 0 0 0 0 6 2 1 0 0 1 0 0 1 1 1 1 1 0 1 1 0 1 1 0 0 1 0 0 0 0 1 1 0 1 1 0 1 1 0 1 1 1 0 0 0 1 0 1 1 1 2
"magistr" 0 1 0 0 0 0 0 0 1 1 0 0 0 4 2 1 0 0 1 0 0 0 0 0 1 0 0 0 0 0 0 0 0 0 0 0 0 0 0 0 0 0 0 0 0 0 0 0 0 0 0 0 0 0 0 0 0 0 0 0
"arriv" 0 1 0 0 0 0 0 0 0 0 0 0 0 0 0 0 0 0 0 0 0 0 0 0 0 0 0 0 0 0 0 0 0 0 1 0 0 0 0 0 1 0 0 0 0 0 0 0 0 0 0 0 0 1 0 0 0 1 0 0
"endeavor" 0 1 2 0 2 0 1 2 0 0 2 0 3 1 1 1 0 0 0 0 1 1 0 0 2 1 0 3 0 0 0 0 0 1 1 0 1 0 0 0 0 0 0 2 0 0 1 0 0 0 0 0 0 0 0 0 0 0 0 0
"high" 0 1 1 2 0 1 1 7 7 1 1 0 3 8 3 2 1 1 1 1 0 0 0 4 1 2 0 3 1 2 0 2 3 3 3 3 2 0 1 0 0 0 1 1 0 2 1 2 1 0 2 0 0 0 0 1 0 0 0 0
"sens" 0 1 2 2 2 1 3 0 1 0 0 0 3 3 1 0 1 1 2 0 0 0 1 2 2 4 1 1 1 0 1 0 0 3 0 2 0 1 2 0 0 4 1 0 0 0 0 2 0 1 1 0 2 0 1 0 0 0 0 2
"entertain" 0 1 2 1 1 0 0 0 1 2 0 0 2 1 1 0 1 0 0 0 1 1 0 1 0 1 0 0 0 0 0 0 0 1 0 0 0 0 0 0 0 0 0 0 0 0 0 0 0 0 0 0 0 0 0 0 0 0 0 0
"repos" 0 1 0 1 0 1 0 0 0 0 0 0 1 0 1 0 2 0 0 0 0 0 0 2 0 0 1 0 0 0 0 0 0 0 0 0 1 0 0 0 0 0 0 0 0 0 0 0 0 0 0 0 0 0 1 0 0 0 0 0
"america" 0 1 5 0 0 0 0 0 2 0 0 0 1 0 0 0 0 1 0 0 0 0 0 1 0 0 0 0 0 0 4 0 2 15 8 6 0 1 8 1 0 3 5 3 3 6 21 2 6 7 7 19 15 11 20 10 9 19 20 18
"previous" 0 1 0 0 0 0 0 0 0 0 0 0 0 0 0 0 0 0 0 0 0 0 0 0 0 0 0 0 0 0 1 0 0 0 0 0 0 0 0 0 0 0 0 0 0 1 0 0 0 0 0 0 0 0 0 0 0 0 0 0
"offic" 0 1 0 2 3 0 1 2 4 1 3 0 2 12 5 5 3 2 4 1 4 5 8 3 1 19 2 2 2 0 8 1 0 1 3 5 1 1 0 1 1 0 0 0 0 1 0 1 0 0 0 1 2 0 0 1 0 1 1 2
"presenc" 0 1 1 2 0 0 1 0 0 1 0 0 1 0 1 0 1 0 2 0 0 0 0 0 1 3 0 3 1 0 0 1 0 2 0 1 0 0 0 2 0 1 0 0 0 1 0 0 0 1 0 0 0 0 0 0 0 0 1 1
"found" 0 1 1 1 2 0 3 2 5 3 3 0 5 8 1 1 1 1 1 0 0 0 0 3 2 3 2 2 2 2 2 0 0 2 4 3 0 3 0 0 0 1 0 1 0 1 0 2 2 2 1 0 0 0 2 2 4 0 0 0
"violat" 0 1 0 1 0 0 1 0 1 0 0 0 0 5 1 0 0 0 2 0 0 0 0 2 0 2 0 1 0 0 0 1 0 0 3 2 0 0 0 0 0 0 0 0 0 0 0 1 0 0 0 0 0 0 0 0 0 0 0 1
"will" 0 1 0 0 0 0 0 1 0 0 0 0 2 0 0 0 0 0 0 2 0 0 0 0 0 2 0 1 0 0 0 1 0 0 1 0 2 1 0 0 0 1 0 0 0 1 0 0 0 0 1 0 0 0 1 2 0 0 1 0
"know" 0 1 0 1 3 0 1 0 3 1 0 0 2 2 0 0 1 0 0 0 1 0 0 0 0 0 2 0 1 2 0 1 1 5 3 4 2 3 10 1 1 8 7 4 2 10 1 3 4 1 6 2 2 5 6 5 7 0 8 1
"injunct" 0 1 1 0 0 0 0 0 0 1 0 0 0 0 0 0 0 0 0 0 0 0 0 0 0 0 0 0 0 0 3 0 0 0 0 0 0 0 0 0 0 0 0 0 0 0 0 0 0 0 0 0 0 0 0 0 0 0 0 0
"thereof" 0 1 0 0 0 0 0 0 0 0 0 0 0 0 0 0 0 1 1 0 0 0 0 3 0 0 0 0 0 0 0 0 0 0 0 0 0 0 0 0 0 0 0 0 0 0 0 0 0 0 0 0 0 0 1 0 0 0 0 0
"state" 2 0 12 3 12 5 5 29 27 8 4 9 11 41 42 3 11 27 27 0 4 4 12 16 4 26 3 12 9 0 17 0 2 2 5 7 4 5 4 0 7 1 0 3 0 1 0 1 5 4 3 0 0 0 5 2 2 2 2 11
"foreign" 0 0 8 0 4 2 1 9 4 6 3 1 6 6 11 2 3 3 2 0 2 0 3 0 3 1 0 6 1 0 5 0 0 0 2 1 2 0 0 0 1 0 0 0 1 0 0 1 0 0 1 1 0 0 0 0 0 3 0 5
"form" 1 0 7 4 0 0 1 6 2 3 1 0 5 11 7 0 2 5 3 0 0 0 2 1 3 1 1 2 1 1 4 1 0 0 1 2 3 0 3 1 2 0 0 3 0 0 0 0 0 0 1 0 1 0 0 0 0 1 0 1
"mind" 1 0 6 2 4 1 0 2 0 2 2 1 1 4 3 0 2 2 1 0 1 0 1 0 0 0 2 1 0 0 1 2 2 3 3 2 1 1 5 0 0 0 0 0 0 0 0 0 0 1 0 0 0 0 3 3 0 1 0 0
"power" 2 0 6 5 5 2 3 7 24 10 8 7 10 67 27 3 14 12 4 1 0 3 3 11 4 10 7 7 4 5 6 1 7 0 5 4 3 10 0 0 2 4 5 9 0 1 2 2 2 3 3 5 5 4 3 5 4 4 5 9
"legislatur" 0 0 6 0 0 0 0 2 0 2 1 0 0 6 1 0 0 0 0 0 0 0 0 0 0 0 0 0 0 0 0 0 0 0 0 0 0 0 0 0 0 0 0 0 0 0 0 0 0 0 0 0 0 0 0 0 0 0 0 0
"justic" 0 0 6 1 4 2 3 1 2 4 0 1 2 3 2 0 1 3 3 0 0 0 2 1 2 6 1 2 2 2 3 8 2 5 8 14 0 1 0 1 6 0 6 1 6 1 1 1 1 1 2 0 1 3 6 0 2 1 5 5
"ever" 0 0 6 0 2 0 0 2 2 2 0 1 4 4 1 0 2 8 4 0 1 1 0 0 1 0 0 4 1 4 1 0 0 3 2 3 0 0 0 0 0 1 1 0 0 2 2 1 2 2 1 2 2 1 1 0 1 1 4 6
"congress" 0 0 6 0 0 0 0 0 5 1 2 0 1 11 3 4 0 9 5 0 1 1 1 9 0 8 0 18 9 0 14 0 0 1 2 3 4 0 0 0 0 0 0 0 0 0 0 0 1 1 3 3 2 0 1 0 1 0 0 0
"spirit" 0 0 6 0 2 2 4 0 6 1 1 1 7 20 3 1 4 4 0 0 0 1 1 0 3 3 1 3 3 3 0 1 5 4 0 2 3 3 9 0 0 1 1 0 1 6 2 6 0 2 0 1 5 3 0 5 1 1 0 4
"year" 1 0 5 0 4 0 0 2 10 8 0 1 3 6 2 0 1 2 4 4 4 3 2 4 1 3 0 11 4 0 5 3 3 0 3 2 1 5 7 2 2 0 1 2 3 6 9 2 2 8 2 0 3 2 3 3 5 2 5 8
"parti" 1 0 5 0 1 0 0 3 11 7 0 0 1 12 2 0 1 2 7 2 0 0 14 1 2 5 2 8 2 0 2 5 1 1 11 6 0 0 0 0 0 0 0 1 0 0 0 0 1 1 1 0 1 0 1 0 1 2 1 0
"interest" 1 0 5 0 9 3 0 12 6 7 3 2 8 14 16 6 5 2 1 3 3 2 10 5 8 10 5 7 1 0 11 1 6 2 2 1 0 1 0 0 1 0 0 0 1 0 0 1 2 0 0 1 2 4 2 2 1 1 1 1
"peac" 0 0 5 6 4 4 0 6 10 9 2 3 2 1 12 1 3 6 3 1 0 1 8 2 3 7 0 5 8 3 4 0 6 7 16 16 0 4 0 6 16 12 11 5 0 13 19 2 2 8 4 2 1 2 2 4 5 1 5 1
"among" 1 0 4 1 7 0 1 3 1 3 1 1 3 3 6 1 0 2 6 1 1 0 1 1 2 4 2 3 2 1 9 0 0 3 3 4 0 5 0 0 2 3 1 0 3 1 1 2 4 2 0 1 0 0 1 0 1 0 0 0
"human" 2 0 4 0 3 1 2 0 2 5 1 0 4 2 4 0 4 2 2 0 0 1 2 0 1 0 2 0 1 0 0 4 0 7 9 6 1 2 6 1 6 2 2 4 0 2 2 6 1 9 0 0 5 2 6 1 1 0 0 2
"men" 1 0 4 3 1 0 0 3 1 3 1 0 3 8 3 0 1 2 0 2 1 0 2 1 1 6 3 2 1 4 6 11 3 1 2 5 2 8 5 4 6 7 5 1 2 1 0 0 2 3 4 1 0 0 2 4 3 2 0 1
"reflect" 1 0 4 1 1 1 2 2 0 0 0 0 1 1 0 1 0 1 1 0 1 0 0 0 0 0 0 0 0 0 0 0 0 6 1 0 0 0 0 0 0 0 0 0 0 1 0 1 2 0 1 0 0 0 1 0 0 0 0 0
"cours" 1 0 4 1 3 1 0 1 4 0 2 0 2 5 0 0 2 0 1 1 1 1 2 0 0 0 0 0 1 0 6 1 0 1 4 0 2 0 0 0 2 1 0 2 1 1 0 0 0 1 1 0 3 1 0 0 1 1 0 0
"preserv" 1 0 4 3 1 1 1 8 2 3 2 7 6 8 10 1 2 4 1 0 0 0 1 3 1 2 2 5 1 2 0 0 1 4 0 2 0 1 3 0 0 0 0 1 0 0 4 1 3 4 0 2 2 0 0 0 2 0 0 0
"pleas" 1 0 4 1 0 0 0 1 1 0 0 0 0 1 0 0 0 0 0 0 0 0 0 0 0 0 0 0 0 0 0 0 0 0 0 0 0 0 0 0 0 0 0 0 0 0 0 0 0 0 0 0 0 0 0 1 0 0 0 1
"determin" 0 0 4 0 0 1 0 0 0 0 0 0 3 2 0 1 0 2 0 0 4 0 1 1 2 0 1 0 2 1 4 2 0 1 9 4 0 1 1 0 3 0 0 0 0 1 2 0 1 1 0 1 0 1 3 1 2 1 0 0
"certain" 0 0 4 0 1 0 0 1 2 0 0 0 3 6 1 0 1 1 2 0 0 0 3 2 0 1 1 2 0 1 6 0 2 0 1 0 1 0 0 0 0 1 1 1 0 0 0 0 0 0 1 0 2 0 0 0 1 0 1 0
"general" 0 0 4 2 2 1 1 0 3 8 3 6 4 9 7 0 2 0 2 1 1 2 6 2 2 4 1 2 1 0 5 0 0 1 3 1 0 1 0 0 0 0 1 0 0 0 0 0 0 1 0 0 0 0 0 0 0 0 0 0
"elect" 0 0 4 1 0 0 0 1 4 2 1 0 2 6 1 1 0 1 1 0 1 0 4 0 0 8 0 6 2 0 5 0 0 1 4 6 0 1 1 0 0 1 0 0 0 0 0 0 0 2 1 0 0 0 0 0 0 0 1 3
"support" 0 0 4 3 2 2 2 4 6 1 1 4 3 5 5 1 1 2 2 0 0 4 2 3 0 2 7 6 2 0 2 0 1 0 10 6 2 1 0 0 3 0 0 4 0 0 1 0 3 2 0 0 0 0 2 0 1 0 3 1
"knowledg" 0 0 4 0 1 0 0 0 2 0 1 0 1 0 0 0 0 0 1 0 0 0 0 0 0 5 0 1 0 0 0 2 0 1 1 3 0 0 1 0 4 2 2 0 2 0 0 0 0 0 0 1 1 1 0 2 1 1 0 1
"virtuous" 0 0 4 0 0 1 1 1 0 0 0 0 0 1 0 0 0 0 0 0 0 0 0 1 0 1 0 0 0 0 0 0 0 0 0 0 0 0 0 0 0 0 0 0 0 0 0 0 0 0 0 0 0 0 0 0 0 0 0 0
"choic" 0 0 4 1 0 0 0 0 0 0 1 0 0 0 0 0 0 0 0 0 0 0 0 0 1 1 0 0 0 0 0 0 0 0 0 1 0 0 0 0 0 2 0 0 1 1 0 0 0 0 1 0 3 2 5 2 1 0 0 1
"fellow-citizen" 1 0 3 2 0 1 1 5 1 0 0 0 0 11 1 1 0 2 1 0 0 1 0 2 1 1 0 1 2 0 1 0 0 0 0 0 0 0 0 0 0 0 0 0 0 0 0 0 0 0 0 0 0 0 0 0 0 0 0 0
"us" 1 0 2 10 7 2 1 14 6 4 2 4 12 10 4 4 9 0 0 3 5 2 5 6 4 7 10 6 8 12 3 5 8 9 8 4 6 5 8 1 5 11 2 12 12 20 26 8 25 27 13 13 27 11 3 23 21 2 27 2
"principl" 1 0 3 9 4 2 1 9 6 7 1 1 8 21 8 2 2 5 2 0 0 0 6 0 2 1 4 5 3 0 3 1 6 0 6 0 0 0 0 1 3 6 2 0 0 0 1 2 1 0 1 0 0 4 0 1 4 0 0 0
"right" 2 0 2 7 4 5 2 6 7 10 4 3 5 19 17 2 16 4 16 3 2 1 6 6 6 8 3 7 3 3 10 4 4 1 12 4 1 0 1 0 8 3 2 4 1 0 7 4 1 5 5 2 1 1 6 2 3 5 3 7
"let" 0 0 0 7 2 0 1 2 0 0 0 3 0 1 1 2 4 2 0 4 1 1 1 3 2 2 0 2 0 0 0 2 3 4 1 0 1 1 1 0 0 0 0 16 2 11 22 4 6 7 2 9 9 0 0 7 2 3 6 2
"man" 0 0 0 6 2 0 1 0 0 2 0 0 0 3 3 0 2 3 1 1 1 1 0 1 2 4 1 0 0 1 2 2 1 2 3 2 0 0 1 0 4 6 1 4 10 10 0 1 6 4 5 0 1 0 1 3 0 0 0 0
"opinion" 0 0 2 5 5 0 0 2 3 6 0 2 6 10 8 1 3 4 2 0 1 0 2 4 0 1 2 2 0 0 0 0 0 1 0 3 1 0 0 0 0 0 0 0 1 0 0 0 0 0 0 0 0 0 0 0 0 0 0 0
"safeti" 0 0 0 5 2 0 1 1 0 0 0 1 1 2 5 0 1 1 0 0 0 0 0 1 2 1 1 2 2 0 2 0 1 0 0 0 0 1 0 0 0 1 0 0 0 0 0 1 0 1 1 0 0 1 0 1 0 0 0 2
"other" 0 0 0 5 4 2 1 0 1 0 0 0 1 9 3 0 2 1 3 0 1 1 0 0 0 3 0 1 1 2 1 1 0 1 3 0 1 0 0 0 1 3 3 0 2 0 5 2 2 1 4 2 1 1 3 0 1 0 0 0
"trust" 2 0 0 4 2 2 1 4 4 2 2 0 6 4 0 1 3 2 2 1 2 1 3 1 3 1 1 3 1 0 0 1 0 0 0 1 2 0 0 0 0 2 0 0 1 0 1 2 0 2 0 0 1 2 1 2 0 0 1 2
"error" 1 0 0 4 1 1 0 0 1 1 0 0 2 7 2 0 0 0 0 0 0 0 0 0 0 0 0 0 0 0 0 0 1 0 0 0 0 0 0 0 0 0 0 0 0 0 0 0 0 1 0 0 0 0 0 0 0 0 0 0
"first" 2 0 3 4 2 0 0 2 1 8 0 1 3 6 1 0 0 0 1 1 0 3 2 2 0 3 0 0 1 0 1 2 1 0 2 3 4 2 3 0 4 2 0 4 1 5 0 2 2 2 4 1 1 0 2 0 0 4 3 3
"equal" 2 0 3 4 3 2 1 6 13 6 1 1 5 2 10 0 3 3 3 0 1 2 4 6 1 3 2 1 2 0 1 1 6 3 0 2 1 0 0 0 5 6 3 0 0 2 1 2 2 1 0 0 2 1 1 1 7 0 1 1
"honest" 1 0 1 4 1 0 0 1 0 1 0 0 2 0 0 1 1 1 0 0 0 0 2 2 4 3 2 0 1 0 0 1 0 0 0 1 1 1 0 0 0 1 0 0 0 0 0 0 0 0 1 0 0 0 0 0 1 1 0 1
"republican" 1 0 1 4 0 1 0 1 0 2 0 0 0 5 2 1 0 0 1 0 0 1 1 0 1 0 1 0 0 0 1 0 0 0 0 1 0 0 1 0 0 0 0 0 0 0 0 0 0 1 0 0 0 0 0 0 0 0 0 0
"law" 0 0 2 4 7 1 0 2 6 3 2 1 3 7 11 2 5 4 27 0 7 1 8 16 4 25 6 16 5 0 22 4 0 7 11 20 0 0 0 0 2 5 6 1 0 3 1 3 0 1 0 1 1 2 2 1 2 1 0 3
"freedom" 0 0 0 4 2 1 0 0 0 5 1 0 0 6 2 0 3 0 0 0 0 0 0 7 0 2 0 1 4 0 2 0 2 5 6 5 0 0 6 1 12 10 11 4 2 2 4 4 8 14 6 3 2 5 27 3 7 1 0 3
"faith" 1 0 3 3 1 0 1 6 1 3 2 0 4 3 2 2 3 2 4 0 3 1 2 2 3 3 2 4 7 1 2 0 0 0 6 5 1 2 4 1 4 14 0 2 5 1 4 2 3 3 2 2 1 3 2 3 2 0 3 2
"advanc" 2 0 0 3 2 2 1 2 1 2 1 1 0 3 1 1 4 0 0 0 0 1 1 0 1 1 1 2 0 0 1 0 0 1 4 12 1 2 1 0 4 0 0 0 1 1 0 0 0 0 1 0 2 1 3 2 2 0 0 0
"free" 2 0 2 3 1 2 1 3 2 0 2 0 2 11 12 0 1 9 2 0 1 1 3 3 1 7 4 10 3 2 3 0 3 1 3 1 0 1 3 0 11 21 5 5 1 2 0 1 3 3 9 1 3 1 7 2 3 1 0 4
"world" 1 0 3 3 2 2 1 0 2 1 0 2 2 2 5 0 3 3 1 1 1 3 2 3 1 1 0 6 2 3 2 2 6 25 13 15 6 2 3 2 23 16 16 8 7 15 18 6 9 16 10 20 15 3 8 8 3 6 8 10
"favor" 1 0 0 3 3 1 1 8 3 1 1 0 3 2 3 0 0 1 3 0 2 1 2 0 1 2 3 2 2 0 5 0 0 2 6 0 1 0 0 0 0 0 0 0 1 0 0 0 0 0 0 0 0 1 0 1 0 0 0 0
"differ" 0 0 1 3 0 1 0 1 6 3 1 0 3 8 3 1 2 2 6 0 0 1 3 1 1 1 1 3 2 1 2 0 0 1 2 0 0 1 0 0 5 5 0 1 3 0 3 1 0 2 4 0 4 1 1 1 3 1 1 0
"commerc" 0 0 3 3 0 2 0 3 11 2 1 0 1 0 3 1 2 1 0 0 1 4 0 2 1 2 0 2 0 0 8 1 1 0 0 0 0 0 0 0 1 2 1 1 0 0 0 0 0 0 0 1 1 0 0 1 1 0 0 0
"inde" 0 0 1 3 1 1 0 0 0 0 0 1 3 7 0 0 1 0 1 0 0 0 0 0 0 0 0 0 0 0 1 1 0 0 0 0 0 0 0 0 0 1 0 0 0 0 0 0 0 0 0 1 0 0 0 0 0 0 0 2
"polit" 0 0 1 3 1 0 3 1 0 6 1 2 5 8 1 1 1 5 2 0 2 1 10 2 2 3 4 2 2 1 5 2 5 3 6 4 2 3 0 0 0 4 0 0 0 0 0 1 3 2 0 2 4 1 0 2 1 1 3 3
"best" 0 0 1 3 2 3 0 9 2 3 1 1 0 7 1 2 4 5 2 0 5 6 6 3 3 2 2 7 2 1 3 1 0 4 4 0 1 0 0 0 0 0 1 2 2 0 2 3 2 4 1 1 0 4 2 0 0 0 2 1
"time" 1 0 3 0 6 1 0 5 8 6 1 2 7 11 5 1 7 7 5 1 0 3 7 6 4 4 1 6 3 0 8 1 3 1 4 3 5 3 2 1 4 5 6 2 4 7 7 5 9 13 9 7 13 7 8 6 11 2 4 5
"limit" 1 0 0 1 6 2 0 2 5 4 2 0 6 5 10 1 4 0 2 0 0 1 1 1 3 3 3 0 0 0 2 1 1 0 2 4 0 0 1 0 2 1 0 0 0 1 2 2 3 3 1 0 0 1 0 0 0 0 0 0
"reason" 0 0 0 3 6 2 1 0 5 0 0 0 3 1 6 0 3 2 3 1 0 1 0 0 1 5 0 3 0 2 6 0 0 1 7 1 0 1 1 0 1 0 0 0 1 0 0 0 0 0 0 0 0 0 0 0 1 1 1 1
"place" 2 0 1 1 5 1 3 3 8 1 1 1 1 8 1 0 4 2 2 1 1 2 1 6 3 2 3 1 0 0 2 1 1 4 1 4 1 0 1 0 2 1 0 2 4 1 4 2 4 4 6 2 1 3 1 2 0 0 2 4
"fals" 0 0 0 0 5 0 0 0 0 0 0 0 0 2 0 0 0 0 0 0 0 0 0 0 0 0 0 0 0 1 0 0 0 0 1 0 2 0 0 0 2 1 0 0 0 0 1 0 0 0 0 0 0 0 0 2 0 0 0 0
"enabl" 1 0 1 1 4 0 0 1 3 0 0 0 0 1 1 0 1 0 0 0 1 1 0 1 0 0 0 0 1 1 1 0 0 0 0 0 0 0 0 0 0 0 0 0 0 0 0 1 0 0 0 0 0 0 0 0 0 0 0 0
"due" 1 0 0 1 4 0 0 2 2 1 0 0 0 0 0 0 0 1 1 1 0 0 0 0 3 1 0 1 0 0 4 0 0 1 0 3 0 0 0 0 1 0 0 0 0 0 0 0 0 1 0 1 0 0 0 0 0 0 0 0
"moral" 1 0 1 0 4 0 0 0 0 1 0 0 0 1 3 1 2 0 2 0 0 1 2 3 1 0 0 1 0 0 1 2 0 1 2 3 2 7 0 1 1 3 1 0 0 0 0 3 1 1 2 0 0 0 1 0 0 0 0 0
"truth" 1 0 1 1 4 1 0 0 0 0 0 1 0 0 0 0 0 1 2 0 0 0 1 1 0 0 1 0 0 0 0 0 0 1 0 1 3 3 0 2 1 3 2 0 0 0 0 0 0 0 0 2 0 0 1 1 3 0 5 0
"therefor" 1 0 0 0 4 0 0 3 3 1 1 2 1 5 1 0 2 1 1 0 0 2 0 1 0 2 0 4 0 1 5 0 1 0 0 1 0 1 0 0 2 0 0 0 0 0 0 0 1 0 0 0 0 0 0 0 0 0 0 0
"war" 0 0 1 1 4 2 15 13 18 7 1 0 3 3 6 0 1 6 2 12 1 4 0 5 0 3 0 7 7 0 6 0 4 14 3 3 3 1 0 2 3 5 1 4 1 3 5 2 1 1 3 2 2 1 0 2 3 0 7 4
"maintain" 0 0 2 0 4 1 1 4 5 1 0 2 3 2 1 1 3 1 2 0 1 3 1 2 0 2 2 2 0 0 8 0 0 4 8 2 0 2 2 0 3 0 0 0 0 0 1 1 4 0 0 0 2 0 0 0 1 0 0 0
"within" 0 0 0 1 4 1 0 5 5 3 1 2 0 5 13 0 6 0 2 0 0 2 1 4 1 1 2 0 1 0 5 0 0 3 2 2 1 3 3 0 1 2 0 0 1 3 0 2 1 1 1 0 2 0 0 0 0 0 1 1
"press" 0 0 0 1 4 1 0 0 0 1 1 0 1 3 0 0 0 1 1 0 0 0 0 0 0 1 0 1 0 0 1 0 0 0 0 1 0 0 0 0 0 1 0 0 0 0 0 0 0 0 0 0 0 0 0 0 0 0 1 0
"need" 0 0 0 0 4 0 1 1 1 1 0 1 1 0 3 0 3 0 2 2 0 0 2 1 6 5 0 5 3 1 7 2 1 3 4 2 6 3 1 0 4 5 3 1 1 9 3 1 3 1 7 3 2 3 3 1 3 0 4 0
"habit" 1 0 0 0 3 0 1 0 0 1 1 0 1 0 1 0 0 0 0 0 0 0 0 0 1 0 0 0 0 0 0 1 0 0 0 0 0 0 0 0 0 0 0 0 0 0 0 0 0 0 0 1 0 0 2 1 0 0 0 0
"well" 2 0 3 1 2 4 0 4 5 0 1 0 4 14 5 0 2 4 3 1 2 0 3 1 2 5 1 3 2 1 6 5 1 2 3 1 1 1 1 0 1 0 0 3 0 2 0 0 3 2 1 2 1 1 1 2 4 0 1 0
"author" 1 0 3 2 2 4 2 1 3 3 1 0 5 11 5 1 2 0 7 0 0 0 2 10 0 0 0 3 4 0 2 0 0 1 0 1 2 0 0 0 1 0 1 0 0 0 0 0 1 2 0 1 0 2 1 0 1 0 0 0
"difficulti" 1 0 0 2 0 3 0 2 1 1 0 1 3 6 1 0 0 1 2 0 0 0 0 0 0 3 0 2 1 0 0 0 0 0 1 0 1 0 0 0 0 0 0 0 0 0 0 0 0 1 0 0 0 0 1 0 0 0 0 0
"success" 2 0 2 1 1 3 4 4 2 3 0 2 4 2 3 0 1 2 2 0 0 0 0 1 0 1 0 0 2 3 2 2 1 2 7 1 1 1 1 1 2 0 1 2 1 0 0 1 1 0 1 0 0 0 2 2 0 2 0 4
"full" 0 0 1 1 2 3 0 3 4 0 0 1 1 3 1 0 0 0 1 0 0 0 0 4 2 4 0 1 3 1 4 0 2 4 2 4 0 0 2 0 1 4 3 0 0 1 1 1 1 1 0 0 1 1 0 1 0 0 1 3
"improv" 0 0 2 1 3 3 0 4 4 5 2 0 2 1 1 1 0 2 0 0 0 0 1 1 1 1 0 2 0 0 5 0 0 0 1 0 0 1 1 0 2 0 0 0 0 1 0 0 0 0 0 0 0 0 0 0 0 0 0 0
"resourc" 0 0 1 1 1 3 2 4 4 1 0 0 4 1 1 0 1 0 0 0 0 0 1 0 1 1 1 1 0 0 2 1 0 2 6 1 1 1 1 0 6 2 1 0 2 0 0 0 0 0 1 1 0 0 0 1 0 0 0 0
"liber" 0 0 0 0 2 3 1 1 1 3 1 2 1 3 0 2 0 1 0 0 0 0 1 1 0 0 0 2 2 0 0 0 2 0 0 1 0 0 0 0 0 0 0 0 1 0 0 0 0 1 0 0 0 1 1 0 1 0 1 2
"civil" 1 0 0 1 1 2 1 1 3 2 1 0 2 4 1 3 1 3 2 1 2 7 3 2 5 5 1 4 5 1 1 0 0 13 2 6 1 2 1 1 1 0 0 1 0 1 1 0 0 0 1 3 1 6 0 1 0 1 2 1
"council" 1 0 0 1 1 2 0 0 0 2 0 0 1 1 0 1 0 0 0 0 0 0 0 0 0 0 0 1 0 0 0 0 0 0 0 0 0 0 0 0 0 0 0 0 0 0 0 0 0 0 0 0 0 0 0 0 0 0 0 0
"aid" 1 0 0 0 1 2 0 3 4 0 2 0 1 4 2 1 2 1 0 1 1 1 2 3 2 1 3 1 0 0 3 0 1 1 0 1 0 3 0 0 5 0 0 0 0 0 0 0 0 1 0 1 0 0 0 0 0 1 0 0
"essenti" 1 0 1 1 0 2 0 5 2 0 1 0 1 4 1 1 1 0 1 0 0 0 2 0 0 0 0 2 2 1 1 1 2 3 1 1 3 2 0 1 1 0 0 0 0 0 0 1 0 0 0 0 0 0 1 0 0 0 0 0
"without" 2 0 3 2 2 2 4 3 7 1 1 3 5 9 4 1 3 4 3 2 5 3 1 3 0 7 1 4 6 1 6 5 1 2 4 1 3 3 2 0 2 0 5 0 5 2 0 0 0 0 0 0 0 1 2 2 1 0 1 1
"gratitud" 1 0 2 1 0 2 0 0 0 1 1 1 2 0 1 1 0 0 0 0 0 0 0 0 0 0 1 0 0 1 0 0 0 1 0 0 0 0 0 0 0 0 0 0 0 0 0 0 0 0 0 0 0 0 0 1 0 0 0 0
"made" 1 0 0 0 3 2 1 5 15 6 0 1 4 11 2 1 3 0 5 0 0 6 4 9 1 5 2 3 3 2 11 4 1 5 5 1 2 2 0 0 1 1 0 0 4 1 2 0 1 6 5 1 3 0 0 0 3 2 0 2
"feel" 1 0 2 1 1 2 0 2 2 2 1 0 6 8 2 1 2 1 0 0 1 4 2 0 0 1 0 0 1 1 11 1 1 3 0 0 0 2 0 0 0 1 0 0 0 0 1 0 0 0 1 1 1 0 2 0 0 0 0 0
"respect" 1 0 3 0 0 2 2 5 7 6 2 0 2 12 5 1 5 1 2 0 2 0 7 2 0 7 0 3 0 0 11 1 0 0 1 6 4 0 0 0 1 1 3 0 0 0 6 3 0 0 0 0 0 1 0 1 0 0 3 3
"union" 2 0 2 2 3 2 0 10 5 20 1 9 2 13 32 2 5 9 20 4 2 2 3 11 0 4 0 0 0 0 0 0 0 1 0 0 0 0 0 0 0 0 0 0 9 0 0 0 0 5 1 0 4 1 1 0 1 0 2 0
"prosper" 1 0 2 2 1 2 1 6 2 0 0 1 6 2 5 1 3 4 0 0 1 0 5 1 4 4 1 3 1 0 1 0 0 1 6 5 1 3 0 0 4 0 2 0 1 0 0 0 2 0 3 1 1 1 1 6 1 3 1 3
"observ" 1 0 0 0 0 2 0 0 1 1 2 2 0 10 2 0 3 1 0 0 0 0 2 0 1 7 0 3 2 0 2 0 0 0 2 1 0 0 0 0 0 2 0 1 0 0 0 0 0 0 0 0 0 0 0 0 0 0 0 0
"british" 0 0 0 0 0 0 5 0 2 0 0 0 0 1 0 0 0 0 0 0 0 0 0 0 0 0 0 1 0 0 0 0 0 0 0 0 0 0 0 0 0 1 0 0 0 0 0 0 0 0 0 0 0 0 0 0 0 0 0 0
"part" 0 0 1 1 0 0 3 4 9 2 0 2 2 16 10 1 1 1 4 1 3 2 2 1 0 1 1 2 5 0 4 4 4 4 1 7 3 2 1 0 0 0 0 0 1 2 1 0 1 1 6 1 1 0 0 2 0 1 0 0
"long" 0 0 3 1 0 2 3 2 3 0 3 1 3 6 2 0 1 2 0 0 1 1 1 3 0 2 1 3 2 0 2 3 0 2 2 2 0 1 1 0 2 3 3 2 1 2 4 1 2 1 2 1 3 2 5 4 3 2 1 0
"arm" 0 0 0 0 0 2 3 0 2 1 2 0 0 1 2 1 0 1 1 1 0 0 0 0 0 0 0 1 2 0 3 0 3 2 2 1 1 0 0 1 3 1 1 4 0 1 2 0 0 3 0 1 0 0 2 0 1 0 0 1
"carri" 0 0 0 0 0 1 3 0 5 1 0 0 3 3 1 0 3 0 0 0 1 3 1 0 0 1 1 4 1 0 4 1 0 2 0 1 0 2 2 0 2 1 1 0 0 0 0 0 2 2 0 0 0 1 1 4 3 1 2 1
"savag" 0 0 0 0 0 1 3 0 0 0 0 0 0 0 0 0 0 0 0 0 0 0 0 0 0 0 0 0 0 0 0 0 0 0 0 0 0 0 0 0 0 0 0 0 0 0 0 0 0 0 0 0 0 0 0 0 0 0 0 0
"receiv" 1 0 0 0 0 0 2 1 2 1 0 0 3 3 0 1 0 1 0 0 1 3 0 1 1 0 0 1 0 0 1 0 0 1 0 1 0 1 0 0 1 0 2 0 0 0 0 0 0 0 0 0 0 0 0 0 0 0 0 0
"might" 2 0 1 1 2 1 2 4 4 0 0 0 4 11 2 0 2 3 3 1 0 1 0 0 0 3 0 1 0 0 3 2 0 0 3 0 0 0 0 0 1 1 0 0 0 0 0 2 1 1 2 1 1 0 0 2 0 0 1 0
"conduct" 1 0 1 0 2 0 2 3 4 0 0 1 6 2 1 2 1 2 1 0 0 1 1 1 0 1 1 0 0 0 1 0 0 0 2 0 1 0 0 0 0 1 0 0 0 0 0 0 0 1 0 0 0 1 1 0 0 0 0 0
"mean" 1 0 1 0 1 1 2 1 1 0 1 0 0 6 7 0 0 4 2 0 0 0 1 1 1 2 0 2 0 1 2 5 2 3 7 2 2 2 0 0 2 6 2 0 2 1 0 1 5 0 8 1 1 1 3 2 5 1 1 1
"forc" 1 0 0 1 0 1 2 8 11 4 1 0 0 2 1 0 1 0 5 0 0 1 1 3 0 0 0 1 4 1 6 3 2 3 8 2 0 4 1 0 3 5 6 0 0 2 2 1 0 0 1 4 2 0 3 3 2 0 3 1
"consider" 1 0 2 0 0 0 2 1 4 0 1 2 2 0 1 0 1 2 1 0 0 0 2 1 0 4 1 5 0 0 9 0 0 0 1 1 1 0 0 0 0 0 0 0 0 0 0 0 0 0 0 0 0 0 1 0 0 0 0 0
"consid" 1 0 3 0 1 0 2 0 3 0 2 0 0 6 0 0 1 3 2 0 0 1 2 0 0 0 0 2 0 0 1 0 0 0 1 2 0 2 1 0 0 0 0 0 0 0 0 0 0 0 0 0 0 0 1 1 0 0 0 1
"stake" 1 0 0 0 0 0 2 0 0 0 0 1 0 0 0 0 0 0 0 0 0 0 0 0 0 0 0 0 0 0 0 0 0 0 0 0 0 0 1 0 0 0 0 0 0 0 0 0 0 0 0 0 0 2 1 0 1 0 0 0
"import" 1 0 0 0 3 0 1 10 7 1 3 3 1 8 3 1 5 7 0 0 1 1 9 3 0 0 2 5 2 2 12 0 1 1 5 3 3 0 0 1 0 0 0 0 1 1 2 0 1 1 1 0 1 2 0 0 0 1 1 3
"depend" 1 0 1 0 0 0 0 7 3 0 1 0 2 2 2 0 2 0 1 1 0 0 2 1 1 1 2 1 0 1 4 0 1 2 2 1 0 1 0 1 1 0 1 0 0 0 0 0 2 1 0 0 1 1 3 2 0 0 1 0
"danger" 0 0 3 0 1 1 0 7 3 2 1 2 7 12 3 0 4 1 0 0 0 1 0 7 0 4 2 1 0 1 2 0 0 2 1 4 0 0 0 0 1 2 1 1 1 1 2 0 1 1 0 1 0 1 1 2 1 0 0 2
"put" 0 0 0 0 0 0 0 7 0 0 0 0 0 1 0 0 0 0 0 0 0 0 1 0 0 2 0 2 0 0 4 2 0 1 1 0 3 0 1 0 0 0 0 0 0 0 0 0 2 2 3 1 1 0 0 1 0 1 2 2
"advantag" 2 0 1 0 0 0 0 6 4 0 1 0 2 2 1 0 3 2 1 0 0 1 0 0 1 3 2 2 0 0 1 0 1 0 1 1 0 0 0 0 0 0 0 0 0 0 1 0 0 0 0 1 0 0 0 0 0 0 0 1
"protect" 0 0 1 2 1 0 1 6 6 2 1 0 4 4 23 4 3 6 3 0 2 0 3 6 4 4 4 4 3 0 11 0 0 1 4 1 2 1 1 0 1 0 0 0 0 1 0 0 0 3 1 0 1 1 2 2 1 7 2 3
"invas" 0 0 0 1 0 0 0 6 2 0 0 0 1 0 0 0 0 4 2 0 0 0 0 0 0 0 0 0 0 0 2 0 0 0 0 0 0 0 0 0 0 0 0 0 0 0 0 0 0 0 0 0 0 0 0 0 0 0 0 2
"alway" 0 0 0 0 0 1 0 6 4 0 0 0 2 3 0 1 4 0 2 1 1 0 1 1 0 1 1 7 0 0 3 2 1 0 6 0 1 2 0 2 0 0 0 4 4 0 1 0 0 3 2 1 3 0 3 1 2 2 2 0
"much" 1 0 1 2 0 0 0 5 5 1 0 0 2 10 2 1 3 4 5 0 0 0 0 2 1 1 1 2 0 3 5 2 0 1 12 3 1 1 0 0 0 0 2 1 1 0 1 0 4 4 3 2 1 2 0 1 0 1 8 6
"purpos" 1 0 0 0 0 1 1 5 8 4 0 1 1 5 2 1 2 1 6 1 0 1 4 2 0 4 4 5 6 1 2 3 9 3 1 9 1 6 2 1 2 6 5 0 3 1 1 1 0 1 2 1 0 4 1 2 2 0 1 3
"whole" 0 0 3 2 1 0 0 3 9 6 0 0 3 9 7 1 1 4 4 1 0 1 3 0 1 4 0 0 0 0 1 1 2 0 0 9 1 2 0 0 0 2 3 0 0 1 0 0 1 0 1 0 1 0 2 0 0 0 3 0
"revenu" 0 0 0 0 3 1 0 2 9 1 3 0 0 5 14 0 0 2 0 0 2 0 0 0 1 6 1 15 1 0 4 0 0 0 3 0 0 0 0 0 0 0 0 0 0 0 0 0 0 0 0 0 0 0 0 0 0 0 0 2
"afford" 0 0 0 0 1 0 0 3 8 1 0 0 0 3 3 0 1 1 1 0 0 1 0 2 0 0 0 0 1 0 2 1 0 0 0 0 0 0 0 0 1 0 0 0 0 1 0 3 0 0 1 0 0 1 0 2 1 0 0 0
"term" 0 0 0 0 1 0 1 1 7 0 1 2 1 4 5 0 0 1 4 0 0 1 3 1 0 1 1 0 1 0 0 0 1 0 1 0 0 0 0 0 1 0 0 0 1 0 0 1 0 0 0 0 0 0 0 0 0 0 0 0
"extent" 0 0 0 0 1 0 0 3 7 2 1 1 1 3 0 1 0 0 2 0 0 0 0 0 0 1 2 1 0 0 1 0 0 0 0 1 1 0 0 0 0 0 0 0 0 0 0 0 1 0 0 0 0 0 0 0 0 0 0 0
"mani" 1 0 1 1 0 1 0 4 6 1 0 1 2 8 6 1 2 3 3 0 1 1 1 2 0 5 0 1 1 0 3 3 2 0 5 8 2 3 2 1 1 0 0 1 0 1 0 0 3 2 1 1 0 5 1 3 1 5 3 7
"commenc" 1 0 0 0 0 0 1 3 6 2 0 0 0 2 0 0 0 1 0 0 1 0 1 0 0 0 0 0 0 0 0 0 0 0 0 0 0 0 0 0 0 0 0 0 0 0 0 0 0 0 0 0 0 0 0 0 0 0 0 0
"effect" 1 0 2 1 2 0 1 4 6 4 0 0 1 15 1 0 1 0 3 1 2 3 0 1 0 2 1 4 0 0 8 1 0 0 5 6 1 2 0 0 2 2 0 0 0 0 0 0 0 0 1 0 0 0 0 1 0 0 0 1
"continu" 1 0 2 0 0 1 0 1 6 1 2 4 1 10 4 2 2 1 5 2 0 1 1 3 0 3 0 3 2 0 4 0 0 1 11 4 0 3 1 0 4 1 0 0 0 1 3 2 2 3 3 1 0 2 0 1 1 0 0 1
"common" 0 0 2 2 0 0 2 2 0 6 0 0 3 4 4 1 3 2 0 0 2 1 2 1 1 0 0 1 0 0 0 1 2 5 5 2 3 2 1 0 2 6 2 1 1 0 0 1 0 1 0 0 3 5 1 6 3 0 3 2
"generat" 0 0 0 1 1 0 0 0 0 6 0 0 2 0 1 0 0 1 0 0 0 0 1 3 0 0 0 0 0 1 1 1 0 0 3 0 1 1 1 0 0 1 1 4 5 2 3 0 0 1 4 4 1 3 4 9 7 0 1 1
"bless" 2 0 2 1 1 1 0 5 0 5 0 1 3 2 6 1 3 4 0 0 0 0 3 6 2 0 0 1 1 1 0 0 0 1 0 1 1 2 0 1 0 0 2 1 0 1 0 0 2 4 3 1 3 3 1 2 2 2 1 1
"polici" 2 0 0 0 0 1 1 3 3 5 1 3 2 2 9 2 2 2 1 0 2 0 2 1 5 8 1 9 3 0 14 1 0 4 7 3 3 0 0 0 1 1 0 0 0 0 7 1 0 0 0 0 0 0 2 0 0 0 0 3
"promot" 1 0 2 0 0 1 0 4 2 5 2 3 0 0 1 1 0 4 0 0 0 2 2 2 4 8 0 2 1 0 3 0 0 8 3 4 0 1 0 0 0 1 0 0 0 0 0 0 0 0 0 0 0 0 1 0 0 0 0 0
"defens" 0 0 2 0 0 0 0 2 6 5 1 0 0 2 0 0 1 3 0 0 0 0 0 0 0 5 1 0 0 0 5 0 0 5 2 1 0 0 1 0 3 3 1 0 0 0 0 0 0 2 0 0 1 1 0 2 1 0 0 2
"feder" 0 0 0 1 1 0 0 0 0 5 3 2 4 3 11 0 3 1 3 0 0 1 0 0 4 0 3 0 0 0 10 0 0 0 0 9 1 1 0 0 0 0 0 0 0 0 0 0 4 5 1 0 0 0 0 0 0 0 0 3
"sentiment" 2 0 1 0 1 1 1 2 0 4 1 0 4 0 1 0 2 0 3 0 1 0 4 0 0 0 2 2 0 0 1 2 0 0 2 0 0 0 0 0 0 0 0 0 0 0 0 0 0 0 1 0 0 1 0 0 0 0 0 0
"futur" 2 0 1 1 2 1 0 1 3 4 0 0 2 2 1 0 7 1 0 1 1 3 0 2 1 2 0 2 2 2 3 0 1 2 1 1 1 1 3 0 2 4 1 0 1 1 3 2 3 2 3 1 3 1 2 3 4 1 3 2
"servic" 1 0 3 2 1 2 1 2 0 3 3 0 1 2 0 1 2 1 5 0 0 3 5 5 2 5 6 2 0 0 0 1 1 6 2 7 0 1 1 1 0 2 1 1 0 0 0 0 0 0 0 4 0 3 1 3 1 0 2 3
"task" 1 0 0 1 0 0 0 0 0 0 2 0 1 0 1 0 0 0 1 0 0 0 1 0 0 0 2 0 2 3 0 3 3 8 0 1 4 1 3 0 1 1 0 0 0 3 0 1 0 1 0 1 1 1 3 2 2 0 1 0
"independ" 1 0 3 0 2 1 1 3 3 2 2 1 1 6 7 0 1 4 1 0 0 0 0 2 1 3 2 0 2 0 0 0 1 2 11 3 0 0 1 0 0 0 1 0 0 0 0 0 2 2 0 1 0 1 3 0 1 0 0 1
"system" 2 0 3 0 0 1 0 2 5 1 2 1 4 8 11 0 2 1 0 0 0 0 2 2 1 1 1 5 0 0 2 4 0 3 4 11 1 1 0 0 0 0 0 0 0 0 4 1 3 4 1 0 0 0 0 1 0 1 1 3
"consist" 1 0 2 0 0 0 0 2 0 1 2 0 0 0 3 0 2 0 1 0 0 0 0 0 1 2 1 0 0 0 1 0 0 0 0 0 0 0 1 0 1 0 0 0 0 0 0 0 0 1 1 0 0 0 0 0 0 0 0 0
"select" 1 0 1 1 2 0 0 0 0 0 2 0 0 1 1 0 1 0 0 0 0 0 0 0 1 1 0 0 0 0 1 0 0 0 0 4 0 0 0 0 0 0 0 0 0 0 0 0 0 0 0 0 0 0 0 0 0 0 0 0
"view" 2 0 0 1 2 1 1 2 3 2 2 1 3 1 3 1 6 2 5 0 1 2 2 1 1 2 0 5 0 0 4 1 1 1 0 1 0 0 0 0 0 2 0 1 0 1 0 0 0 0 0 0 0 1 0 0 0 0 1 0
"exercis" 1 0 1 1 3 0 0 1 0 0 0 5 0 9 9 0 2 1 4 0 1 2 0 1 2 2 1 0 1 0 6 0 0 2 0 0 0 1 0 0 1 0 0 0 0 0 0 0 0 0 1 0 0 0 1 0 1 0 0 0
"solemn" 0 1 2 0 0 2 1 0 1 2 1 3 3 2 1 0 0 1 1 0 0 0 0 0 2 3 1 1 0 0 0 2 1 2 0 1 0 1 0 1 0 0 2 1 0 0 1 0 1 0 0 0 0 1 1 0 1 0 0 0
"stand" 0 0 0 1 0 2 0 1 0 2 1 3 2 1 2 0 4 0 1 0 0 3 0 1 0 0 2 0 0 0 1 0 7 4 7 0 1 0 1 1 1 2 1 0 3 2 2 0 3 5 2 2 3 2 3 3 1 1 7 4
"rest" 0 0 0 0 0 0 0 0 0 0 0 3 1 3 0 0 4 2 0 0 0 1 4 1 0 1 1 1 5 0 0 0 1 1 1 2 0 1 1 0 0 1 2 1 4 0 1 0 1 1 0 0 0 0 0 0 1 0 1 0
"impress" 2 0 0 0 0 1 1 0 1 0 0 2 2 0 1 0 2 0 0 0 0 0 0 0 2 0 2 0 0 0 0 0 0 0 0 1 0 0 0 0 0 1 0 0 0 0 0 0 0 0 0 0 0 0 0 0 0 0 0 0
"institut" 1 0 3 0 1 1 1 2 1 3 0 1 17 10 11 1 3 3 4 0 0 0 1 2 1 4 4 5 2 0 2 0 0 0 1 4 0 0 1 0 0 1 0 0 0 0 0 0 0 0 0 0 0 0 3 0 1 0 0 1
"experi" 2 0 3 2 3 0 0 4 4 2 1 1 9 3 2 1 6 2 1 0 0 1 0 4 0 1 0 4 1 2 1 0 0 4 5 1 1 1 2 0 2 0 1 0 1 0 0 0 0 0 1 0 0 0 0 0 0 0 0 1
"look" 0 0 0 2 1 2 0 3 0 2 1 0 9 3 1 2 3 0 0 1 1 2 1 0 0 4 0 0 0 0 4 6 0 0 1 0 0 0 1 0 1 0 1 0 3 1 0 0 2 4 2 0 1 0 1 1 0 2 4 1
"patriot" 1 0 1 1 1 0 1 1 3 2 1 1 8 11 3 3 3 0 3 0 0 0 1 1 4 8 4 4 2 0 0 1 0 1 0 0 0 0 0 0 0 1 0 0 0 0 0 0 1 0 1 0 0 0 0 2 1 2 1 2
"exist" 1 0 1 0 1 1 0 1 4 2 1 1 8 15 9 1 3 3 8 0 0 3 2 2 0 4 2 1 2 2 8 1 0 1 1 2 1 0 0 0 0 0 0 0 1 0 0 0 0 0 0 0 0 0 1 0 0 2 0 0
"result" 1 0 1 1 2 1 0 2 2 3 1 1 6 7 0 0 1 2 0 1 0 0 2 0 2 2 3 1 3 0 3 0 0 0 8 0 0 0 0 1 1 1 0 0 0 0 2 0 1 0 0 0 0 0 0 0 0 0 0 0
"actual" 1 0 0 0 0 0 0 0 0 0 0 0 6 3 0 0 1 2 1 0 0 0 0 0 1 0 0 0 0 0 0 0 1 0 2 0 0 0 0 0 0 0 0 0 0 0 0 0 0 0 0 0 0 0 0 0 0 0 0 0
"countrymen" 0 0 0 0 0 0 0 0 0 3 0 1 6 6 2 1 3 2 1 0 0 1 2 1 2 0 5 2 2 0 0 0 1 1 2 4 0 0 0 1 0 0 1 0 1 1 0 0 1 0 0 0 0 0 0 0 0 0 0 0
"charact" 2 0 1 1 2 0 1 1 1 1 1 1 4 19 3 1 1 2 0 0 0 0 1 0 0 2 2 1 0 1 1 1 0 0 0 2 1 0 0 0 0 0 0 0 1 0 0 0 0 0 0 0 1 4 4 1 1 0 0 0
"grant" 0 0 0 0 0 0 0 0 1 0 1 0 0 19 2 0 1 4 0 0 0 0 1 0 1 1 1 2 0 1 1 0 0 0 0 0 0 0 0 0 0 0 0 1 0 0 0 0 2 0 0 0 0 0 1 0 0 0 0 0
"howev" 0 0 1 0 0 1 0 0 1 0 0 0 1 17 0 1 1 2 2 0 0 2 1 1 0 4 1 2 2 0 4 0 0 1 0 1 1 1 0 0 0 0 2 0 0 1 0 0 1 1 0 0 0 1 0 0 0 1 0 0
"legisl" 0 0 0 1 1 0 0 0 0 4 0 0 2 16 3 2 0 3 0 0 1 1 1 1 1 0 3 9 2 0 11 0 1 1 4 2 1 0 0 0 0 1 0 0 0 0 0 0 0 0 0 0 0 0 0 0 0 0 0 0
"control" 0 0 0 0 1 0 0 0 0 0 0 1 3 14 1 1 2 0 2 0 0 2 1 1 1 1 1 3 1 0 8 2 1 0 2 0 0 2 0 0 3 0 1 3 2 0 0 0 0 1 0 0 0 0 1 1 0 2 0 0
"member" 0 0 0 0 0 0 1 1 0 1 1 0 1 14 4 0 1 1 1 0 0 1 5 0 0 1 0 2 0 0 2 0 0 0 0 0 0 0 0 1 1 0 1 0 0 0 1 0 0 3 1 0 1 0 1 0 1 0 0 2
"becom" 0 0 1 1 1 1 0 3 2 1 1 2 0 12 4 1 2 3 1 0 0 2 1 0 0 3 0 2 0 1 1 0 1 0 2 4 1 1 1 1 1 1 0 2 5 0 1 0 1 1 2 0 1 0 0 0 0 1 1 0
"instrument" 1 0 0 1 0 0 1 2 2 1 1 0 1 11 3 1 0 1 2 0 0 0 1 1 0 1 1 0 0 0 2 3 0 0 3 7 2 3 0 1 0 0 0 2 0 0 0 0 0 0 0 0 0 0 0 1 0 0 0 0
"influenc" 2 0 2 0 2 1 0 1 1 0 0 0 2 11 1 0 5 2 0 0 1 4 2 2 1 2 2 1 0 0 4 0 4 2 3 3 0 0 0 0 1 0 0 0 0 0 1 0 1 0 0 0 0 0 2 0 0 0 0 0
"extend" 0 0 0 0 2 0 0 5 3 4 0 0 3 0 12 1 1 3 2 2 0 0 1 2 0 0 0 1 0 0 1 0 0 0 2 4 0 1 0 0 1 0 0 0 0 1 0 0 0 0 0 0 2 0 1 2 1 0 0 0
"texa" 0 0 0 0 0 0 0 0 0 0 0 0 0 0 10 0 0 1 0 0 0 0 0 0 0 0 0 0 0 0 0 0 0 0 0 0 0 0 0 0 0 0 0 0 0 0 0 0 0 0 0 0 0 0 0 0 0 0 0 0
"territori" 0 0 0 0 1 0 0 2 5 1 0 0 2 1 9 0 3 12 3 1 0 4 0 2 2 7 0 1 0 0 0 0 0 1 0 1 1 0 0 0 1 0 0 0 0 1 0 0 0 0 0 0 0 0 0 0 0 0 0 1
"section" 0 0 0 0 0 0 0 0 0 2 0 1 1 3 9 1 4 2 7 0 1 3 1 1 1 4 0 5 1 0 2 0 0 1 1 1 0 0 0 0 0 0 0 0 0 0 0 0 1 0 0 0 0 0 0 0 0 0 0 0
"increas" 0 0 2 0 3 1 0 2 2 1 1 1 2 5 8 0 2 2 0 0 0 1 0 1 0 6 0 6 1 0 12 0 1 0 0 7 0 2 0 0 4 0 0 0 1 0 0 0 0 4 0 1 0 0 1 0 0 0 0 2
"home" 0 0 0 1 1 0 0 2 0 1 0 0 3 2 8 0 5 1 0 0 0 1 0 2 1 4 1 1 2 0 0 1 1 4 3 8 2 0 1 0 0 2 1 1 0 3 9 2 1 0 2 2 2 0 2 1 1 2 1 3
"exampl" 0 0 3 0 0 2 1 5 1 3 1 0 2 2 2 3 2 1 0 0 0 0 3 0 1 2 0 3 0 0 0 0 0 3 2 1 0 1 0 0 1 0 0 0 0 0 0 0 0 0 0 0 0 1 0 1 0 1 2 0
"suffici" 2 0 1 0 1 0 1 2 2 1 0 0 2 3 0 2 2 1 0 0 0 0 0 1 0 3 1 2 1 0 4 0 0 0 3 1 0 1 0 0 1 0 0 1 0 0 0 1 2 0 0 0 0 0 0 0 0 0 0 0
"conflict" 1 0 0 1 0 0 0 1 4 2 1 0 3 0 1 2 1 0 1 2 0 0 1 1 1 0 0 0 0 0 2 0 0 1 1 0 0 0 0 0 0 1 2 0 0 0 2 0 1 0 0 0 0 0 0 2 0 0 0 0
"affect" 2 0 0 1 1 0 0 3 4 0 0 1 3 3 1 2 2 0 3 0 0 0 0 0 0 1 0 1 0 0 3 0 1 0 1 2 0 0 0 0 1 1 0 0 0 0 0 0 0 1 0 1 0 0 0 0 0 0 0 1
"adopt" 1 0 3 0 1 0 1 1 2 1 0 1 1 8 5 2 0 0 0 0 1 1 1 2 1 3 0 0 0 0 5 0 0 0 3 1 1 0 0 0 0 0 0 0 0 0 1 0 0 0 0 0 0 0 0 0 0 0 0 0
"american" 2 0 3 0 1 0 1 1 0 0 0 2 1 7 0 2 2 2 2 1 0 0 1 1 4 6 9 9 7 0 8 0 2 9 3 6 2 4 4 1 4 3 2 4 7 4 2 3 10 14 4 14 16 9 10 5 10 15 18 20
"regard" 1 0 2 0 1 0 1 1 3 1 2 0 4 4 4 0 7 3 1 1 2 0 8 0 2 1 2 0 1 3 3 0 0 0 0 0 0 1 0 0 0 1 0 0 0 0 0 0 0 0 0 0 0 0 0 1 0 0 0 0
"expect" 1 0 2 1 1 0 0 1 1 1 0 0 3 5 1 1 6 0 0 1 0 0 2 0 1 9 1 2 0 1 3 0 0 1 5 0 1 0 0 0 0 0 0 1 0 1 3 0 0 0 0 1 0 1 0 0 0 0 0 1
"like" 0 0 1 0 1 1 1 0 6 0 0 0 0 7 1 1 6 0 0 0 1 1 0 0 0 1 0 3 0 1 11 1 0 6 0 1 1 0 3 0 0 1 1 0 3 0 0 0 0 0 6 1 2 0 1 2 2 3 4 8
"posit" 0 0 1 1 0 0 1 0 2 0 0 0 2 3 1 2 6 1 1 0 1 1 0 1 1 0 2 0 0 0 4 0 0 0 5 0 1 0 0 0 0 0 0 0 0 0 0 0 0 0 0 1 0 0 0 0 0 0 0 0
"wisdom" 0 0 0 2 2 0 0 0 1 0 1 1 0 1 2 1 6 3 1 0 0 0 1 2 0 1 0 3 0 0 2 1 1 1 1 0 1 0 0 1 0 2 1 0 1 1 0 2 0 0 0 0 1 0 1 0 0 1 0 0
"father" 0 0 0 0 2 0 0 0 1 0 0 0 1 1 1 1 6 3 0 0 0 0 0 3 1 1 1 1 2 1 0 0 0 2 0 0 0 0 0 0 0 2 0 0 0 0 0 0 2 1 3 0 0 1 1 4 1 0 1 0
"secur" 1 0 2 0 1 0 1 5 5 4 1 0 2 9 5 1 5 3 3 0 6 1 4 5 4 7 1 6 4 1 18 0 1 3 11 5 0 2 2 1 11 6 2 1 0 1 1 0 1 5 2 0 2 1 5 1 4 0 5 0
"republ" 0 0 0 1 0 2 1 0 1 1 0 2 5 8 2 2 5 2 0 0 0 2 0 4 3 1 0 2 4 4 1 0 0 11 3 2 0 4 2 0 0 0 0 1 0 0 0 0 1 1 0 0 0 0 0 0 1 0 1 2
"assur" 2 0 0 0 0 1 1 0 0 0 0 0 1 3 0 1 4 0 1 0 0 1 2 0 1 0 1 0 2 1 2 0 0 3 1 0 2 0 0 0 1 1 0 2 0 1 0 0 2 1 0 0 0 0 0 1 0 0 1 0
"question" 1 0 0 1 0 1 0 1 2 2 0 0 1 1 3 1 4 12 7 0 5 4 10 5 0 1 1 5 3 0 5 3 1 2 2 2 0 0 0 0 0 2 0 0 0 0 1 1 1 2 0 1 1 0 4 3 0 0 0 0
"whilst" 1 0 0 0 0 1 0 0 0 0 0 0 1 3 0 0 1 6 0 0 1 0 0 0 0 0 0 0 0 0 0 0 0 0 0 0 0 0 0 0 0 0 0 0 0 0 0 0 0 0 0 0 0 0 0 0 0 0 0 0
"domest" 0 0 1 1 2 0 0 3 0 3 0 1 5 5 3 1 2 6 2 0 0 0 0 0 1 3 0 1 0 0 2 0 2 0 1 0 0 0 0 0 0 1 0 0 0 0 0 1 0 1 0 1 0 0 0 1 0 0 1 0
"practic" 0 0 0 1 0 0 2 2 3 2 0 1 2 0 7 2 2 5 4 0 1 0 3 3 1 4 0 4 1 1 3 1 1 3 5 2 3 4 0 0 1 2 2 0 0 0 0 0 1 0 0 0 0 0 0 0 0 0 0 1
"evil" 0 0 0 0 0 0 0 0 1 1 0 0 1 2 1 0 1 5 2 0 0 0 1 2 0 4 1 0 1 0 1 3 0 1 0 2 1 2 1 0 0 2 1 0 0 0 0 0 0 0 0 0 0 0 1 0 0 0 0 0
"except" 0 0 0 0 0 0 0 0 2 1 1 0 2 1 1 0 1 5 1 0 0 1 1 0 1 2 0 1 0 0 0 1 0 2 1 1 0 0 0 0 0 0 0 0 0 0 0 1 1 0 0 0 0 0 0 0 1 0 0 2
"slaveri" 0 0 0 0 0 0 0 0 0 0 0 0 2 0 0 0 0 5 4 1 0 0 0 4 0 4 0 0 0 0 1 0 0 0 0 0 0 0 1 0 0 1 0 0 0 0 0 0 0 0 0 0 1 0 1 0 0 0 0 1
"case" 0 0 1 1 0 1 0 2 2 0 0 0 2 7 0 0 0 1 15 0 0 0 1 0 0 4 0 1 0 0 1 0 0 0 0 0 0 0 0 0 0 0 0 0 0 0 0 0 0 0 1 0 0 0 0 0 0 0 0 1
"provis" 1 0 0 0 0 1 0 0 4 2 0 0 2 3 0 0 1 0 9 0 0 0 1 0 0 1 0 3 0 0 3 0 0 0 0 1 1 0 0 0 0 0 0 0 0 0 0 0 0 0 0 0 0 0 0 0 0 0 0 0
"minor" 0 0 0 1 1 0 0 0 0 0 0 1 0 2 3 0 0 0 8 0 0 0 0 1 0 0 0 0 0 0 1 0 0 1 0 0 0 0 0 0 0 0 0 0 0 0 0 0 0 0 0 0 1 0 1 0 0 0 0 0
"amend" 0 0 0 0 1 0 0 0 0 0 0 0 0 3 0 0 0 0 7 0 1 0 1 1 1 1 0 1 0 0 11 0 0 0 0 5 0 0 0 0 0 0 0 0 0 0 0 0 0 0 0 0 0 0 0 0 0 0 0 0
"slave" 0 0 0 0 0 0 0 0 1 1 0 0 0 1 0 0 0 1 7 2 0 1 0 1 0 0 0 0 0 0 0 0 0 0 0 0 0 0 0 0 0 0 0 0 0 0 0 0 0 0 0 0 0 0 1 0 0 0 0 0
"either" 1 0 0 0 0 0 1 1 5 1 1 0 0 6 1 1 1 1 6 0 0 2 1 1 0 1 0 3 0 0 1 1 0 0 2 2 0 0 1 0 0 0 0 0 0 0 0 0 0 2 0 0 0 0 0 0 0 0 0 0
"possibl" 1 0 1 1 1 0 0 0 0 2 0 0 1 1 3 1 0 2 6 0 0 1 0 4 0 2 0 2 0 0 8 0 0 1 0 0 2 0 0 0 0 3 1 0 2 2 0 0 0 1 0 1 1 0 1 0 1 0 2 1
"perfect" 1 0 1 0 0 0 0 2 3 2 0 0 3 4 3 0 0 3 6 0 0 0 0 0 0 3 0 0 1 0 1 2 0 0 1 3 0 0 0 3 0 1 0 0 0 0 0 0 0 0 0 0 2 0 0 0 0 0 1 0
"make" 0 0 1 2 0 0 0 3 3 0 2 1 3 10 4 2 1 1 6 1 0 2 2 8 2 6 1 4 5 0 16 2 2 10 9 2 2 5 1 1 3 7 1 1 0 10 8 0 4 3 8 3 5 4 5 2 9 6 3 4
"major" 0 0 1 2 0 0 0 0 0 0 0 0 1 5 4 0 0 2 6 0 0 0 0 0 0 1 0 0 0 0 1 1 0 0 2 2 0 0 1 0 4 0 0 0 0 0 0 0 0 0 2 0 0 0 0 0 0 0 0 0
"enforc" 0 0 0 0 1 0 0 0 1 0 0 0 0 0 1 1 2 0 6 0 2 0 0 2 2 4 2 4 0 0 7 0 0 0 0 15 0 0 0 0 0 0 0 0 0 0 0 0 0 0 0 0 0 0 0 0 0 1 0 1
"god" 0 0 0 0 0 0 0 0 1 0 0 0 0 0 0 0 1 1 0 6 1 0 0 3 1 2 2 2 2 0 1 2 2 6 1 2 2 0 1 2 3 5 1 3 3 6 3 1 5 8 3 2 1 3 3 4 5 4 4 4
"offens" 0 0 0 0 0 0 0 0 0 0 0 0 0 0 0 0 0 0 0 5 0 0 0 0 1 0 0 0 0 0 0 0 0 2 0 0 0 0 0 0 0 1 0 0 0 0 0 0 0 1 0 0 0 0 0 0 0 0 0 0
"neither" 0 0 0 0 0 0 0 0 0 0 0 0 2 2 1 0 0 3 1 3 0 0 1 1 0 3 0 1 0 2 1 0 2 0 0 0 0 0 0 0 0 1 1 1 0 0 0 1 0 0 1 0 0 0 0 0 0 0 0 0
"woe" 0 0 0 0 0 0 0 0 0 0 0 0 0 0 0 0 0 0 0 3 0 0 0 0 0 0 0 0 0 0 0 0 0 0 0 0 0 0 0 0 0 0 0 0 0 0 0 0 0 0 0 0 0 0 0 0 0 0 0 0
"judg" 2 0 0 0 0 0 0 0 1 0 0 1 0 0 0 1 1 0 1 2 0 0 1 0 0 0 0 0 0 0 0 1 0 0 1 2 0 0 0 0 0 0 0 1 1 0 0 0 0 0 0 0 0 0 1 1 0 0 1 0
"seem" 2 0 0 0 0 0 0 2 1 0 1 0 0 4 3 0 0 0 2 2 1 1 1 0 0 1 2 1 0 0 1 0 1 1 1 1 0 0 3 2 0 2 0 0 1 0 1 1 0 0 3 0 3 2 0 0 0 0 0 1
"give" 1 0 1 2 2 1 1 1 4 3 1 1 2 7 0 1 1 1 0 2 1 2 2 2 1 6 1 3 2 0 3 0 0 4 0 1 2 1 0 0 1 2 1 1 2 1 0 0 0 1 1 2 5 1 2 2 1 1 2 2
"address" 1 0 0 0 0 1 0 0 0 1 0 0 0 0 0 1 0 0 3 2 0 0 0 0 0 0 0 0 0 0 1 0 1 0 0 0 2 0 1 0 0 0 0 0 0 1 0 0 1 0 0 0 0 0 0 0 0 0 0 0
"still" 1 0 1 1 1 0 2 1 4 2 0 0 3 4 0 0 1 2 4 2 0 0 3 2 2 0 1 2 2 1 1 0 2 1 1 2 3 0 3 1 0 1 1 1 1 0 0 3 0 2 1 4 1 1 2 2 6 0 2 2
"pray" 1 0 0 0 0 0 0 0 0 0 0 0 1 0 0 0 0 0 0 2 0 0 0 0 0 0 0 0 0 0 0 0 1 0 0 0 0 0 0 1 0 2 0 0 0 0 1 1 0 0 0 0 0 0 0 0 0 0 0 0
"caus" 0 0 2 0 0 0 0 4 6 1 1 1 5 9 0 1 1 0 2 2 0 0 1 2 0 2 0 3 0 4 3 0 0 3 2 5 0 0 1 0 1 3 0 0 1 2 0 0 1 2 0 2 0 2 6 1 0 0 4 2
"even" 0 0 0 2 0 1 0 1 1 1 0 2 4 5 2 0 3 4 0 2 1 1 0 1 0 3 2 2 0 0 2 0 1 1 3 0 0 0 2 0 2 3 1 1 4 1 0 2 0 0 1 1 2 2 1 2 0 2 1 4
"seek" 0 0 0 1 0 0 0 0 1 0 1 0 2 1 3 1 1 2 2 2 0 1 1 1 2 3 2 1 1 1 0 4 0 8 5 2 3 2 0 0 0 3 12 2 5 3 2 1 1 3 1 0 0 1 1 5 0 2 1 0
"said" 0 0 0 1 1 0 0 1 0 0 0 0 0 1 0 0 0 0 1 2 0 0 1 2 0 0 0 0 0 1 1 0 0 0 0 0 0 0 0 2 0 0 0 0 1 0 0 0 1 1 1 0 1 1 1 1 0 0 1 0
"answer" 0 0 0 1 0 0 0 0 0 0 0 0 0 0 0 0 1 0 0 2 0 0 0 1 0 0 0 0 0 0 0 1 0 2 0 0 0 0 0 0 0 0 0 1 0 3 1 1 2 0 0 1 1 0 0 2 1 0 2 0
"drawn" 0 0 0 0 2 0 0 1 0 0 0 0 1 2 0 0 0 0 0 2 0 0 0 0 0 0 0 0 0 0 1 0 3 0 0 0 0 0 0 1 0 0 0 0 0 0 0 0 0 0 0 0 0 0 0 1 2 0 0 0
"rather" 0 0 0 0 0 0 0 0 2 0 1 0 0 2 0 0 1 0 2 2 0 2 1 0 0 2 0 2 0 1 0 0 1 1 1 0 0 0 0 0 0 1 1 0 1 0 0 1 1 0 0 0 0 0 0 3 1 1 0 0
"came" 0 0 0 0 0 0 0 0 1 0 0 0 0 1 0 0 1 0 1 2 0 1 0 1 0 0 0 0 1 0 1 0 0 0 0 0 0 0 3 0 0 0 0 0 2 1 0 0 1 1 0 1 1 0 5 1 0 1 1 1
"altogeth" 0 0 0 0 0 0 0 0 2 0 0 0 1 1 0 0 0 0 0 2 0 0 0 0 0 1 0 0 0 0 0 0 0 0 1 0 0 0 0 0 0 0 0 0 0 0 0 0 0 0 0 0 0 0 0 0 0 0 0 0
"ceas" 0 0 0 0 0 0 0 0 1 0 0 0 1 0 0 0 1 1 3 2 0 0 0 0 0 2 0 1 0 0 0 0 0 0 0 0 0 0 0 0 0 1 1 0 0 0 0 0 0 0 0 0 0 0 0 0 0 0 0 0
"ago" 0 0 0 0 0 0 0 0 1 0 0 0 1 0 1 0 1 1 0 2 1 0 0 1 0 1 0 0 4 0 2 2 1 0 0 0 0 3 1 0 1 0 1 1 0 2 1 2 0 4 2 0 2 0 0 1 1 0 3 4
"four" 0 0 0 0 0 0 0 0 0 1 0 1 0 0 0 0 0 0 2 2 1 2 0 0 0 0 0 1 2 0 0 0 2 0 0 0 0 4 0 0 2 0 1 0 0 0 5 0 0 2 0 0 1 0 1 0 0 1 0 1
"pay" 0 0 0 0 1 0 0 0 0 0 0 0 1 0 2 0 0 0 0 0 6 1 0 1 0 0 0 3 1 1 2 0 0 0 1 1 1 1 0 0 0 0 2 1 0 0 0 0 2 1 0 0 0 0 0 0 0 0 0 1
"debt" 0 0 0 1 2 2 0 1 2 2 1 0 1 0 5 1 0 1 0 0 5 0 0 1 0 2 0 3 0 0 0 0 0 1 0 0 0 0 0 0 0 0 0 0 0 0 0 0 0 1 0 1 0 0 0 0 0 0 0 0
"dollar" 0 0 0 0 0 0 0 0 0 0 0 0 0 0 0 0 0 0 0 0 5 0 0 1 0 0 0 0 0 0 0 0 0 0 2 0 0 0 0 0 0 0 0 0 0 0 0 0 0 0 0 0 0 0 0 1 0 1 0 0
"toward" 0 0 3 1 0 1 0 0 1 1 1 0 1 0 0 0 0 2 0 1 4 3 0 0 0 1 0 1 0 2 2 0 0 0 1 8 1 1 1 1 2 2 0 0 2 3 2 1 0 2 2 0 2 1 2 1 1 0 0 0
"desir" 0 0 1 0 3 0 0 1 2 0 2 1 5 3 2 0 4 2 1 0 4 1 3 0 0 0 1 1 0 1 2 0 3 0 3 4 0 0 0 0 5 0 0 0 0 0 0 0 0 1 0 0 0 0 0 0 0 0 0 0
"deal" 0 0 0 0 0 0 0 0 0 0 0 0 1 0 0 0 0 0 0 0 4 0 0 0 0 0 2 0 1 0 0 1 1 0 2 2 0 1 0 0 0 1 1 0 0 0 0 0 0 0 0 0 0 1 0 0 0 0 1 2
"collect" 1 0 0 0 3 0 0 0 2 0 0 0 0 1 4 0 1 1 1 0 3 0 0 0 0 0 0 0 0 0 1 0 0 1 1 1 0 0 0 0 1 0 0 0 0 0 0 0 1 0 0 0 0 0 0 1 1 0 0 1
"meet" 1 0 0 1 1 0 0 2 2 1 0 0 0 2 1 0 0 1 0 0 3 0 1 2 1 1 0 3 2 0 3 0 0 1 2 0 3 0 0 1 0 2 3 2 0 0 4 1 2 3 1 1 2 1 0 4 1 0 3 1
"payment" 0 0 0 1 0 0 0 0 1 0 0 0 0 0 1 0 0 0 0 0 3 0 1 1 0 0 0 0 0 0 0 0 0 0 0 0 0 0 0 0 0 0 0 0 0 0 0 0 0 0 0 0 0 0 0 0 0 0 0 0
"greatest" 0 0 0 2 0 0 0 1 0 0 0 0 3 3 0 0 0 0 0 0 3 1 1 0 2 1 0 1 0 0 1 0 1 0 2 0 1 1 1 0 1 0 0 0 0 2 1 0 2 2 0 1 4 0 1 0 1 0 1 4
"contract" 0 0 0 0 1 0 0 0 0 0 0 0 0 1 3 0 0 0 3 0 3 0 0 0 0 0 0 1 0 0 0 0 0 0 0 0 0 0 0 0 0 0 0 0 0 0 0 0 0 0 0 0 0 0 0 0 0 0 0 0
"twenty-f" 0 0 0 0 0 0 0 0 1 0 0 0 0 0 0 0 0 0 0 0 3 0 0 1 0 0 0 0 0 0 1 0 0 0 0 0 0 0 0 0 0 0 0 0 0 0 0 0 0 0 0 0 0 0 0 0 0 0 0 0
"abil" 0 0 0 0 0 0 0 0 1 1 1 2 2 2 3 1 0 1 1 0 3 0 0 0 0 0 1 5 1 0 0 0 0 1 0 4 1 1 0 0 1 0 0 0 0 0 0 0 0 0 0 0 0 0 0 1 0 0 0 0
"ultim" 0 0 0 0 0 0 0 0 0 1 0 0 2 3 0 0 0 0 2 0 3 0 0 0 1 0 0 1 0 0 1 0 0 0 0 0 0 0 0 0 0 0 0 0 0 0 0 1 0 1 0 0 0 0 1 1 1 0 0 0
"speci" 0 0 0 0 0 0 0 0 0 0 0 0 0 2 0 0 0 0 0 0 3 1 1 1 0 0 0 0 0 0 0 0 0 0 1 0 0 0 0 0 0 0 0 0 0 0 0 0 0 0 0 0 0 0 0 0 0 0 0 0
"rule" 2 0 1 2 1 0 0 0 1 0 1 0 2 2 1 0 0 1 2 0 2 2 1 0 1 1 5 1 0 0 3 0 1 1 2 1 1 0 0 0 1 4 3 0 0 0 1 1 0 0 1 0 0 0 3 1 3 1 0 1
"effort" 0 0 1 1 1 0 0 2 2 1 0 1 1 1 0 1 1 0 1 0 2 5 5 1 3 0 3 1 3 1 4 1 0 0 7 1 6 1 0 0 8 2 0 2 0 1 1 1 1 2 0 0 2 1 2 1 3 1 0 1
"restor" 0 0 0 1 0 0 0 0 0 0 0 0 0 3 1 0 0 1 1 0 1 4 1 1 0 0 0 5 2 0 1 3 0 3 0 0 5 1 0 0 1 0 1 0 0 0 1 0 1 2 0 0 0 0 0 2 0 1 2 7
"ask" 0 0 0 2 2 0 0 1 0 0 0 0 0 1 0 0 0 1 0 1 2 4 2 1 0 1 0 0 0 0 0 0 0 1 0 1 4 2 0 0 2 2 1 6 2 2 4 0 0 2 4 1 2 2 2 1 0 0 2 0
"proposit" 0 0 0 0 0 0 0 0 0 0 0 0 0 0 1 0 0 0 3 0 0 4 0 0 0 0 0 0 0 0 3 0 0 0 0 0 0 0 0 0 0 0 0 0 0 0 0 0 0 0 0 0 0 0 0 0 0 0 0 0
"past" 1 0 0 1 1 1 0 0 1 1 0 0 2 2 0 0 4 2 0 0 0 3 2 1 0 1 0 3 2 2 1 0 0 0 3 1 0 0 0 0 1 2 0 1 0 3 2 0 1 4 1 0 2 0 0 0 1 1 1 1
"extens" 0 0 1 0 1 0 0 1 0 0 0 0 1 5 0 0 0 2 0 0 0 3 0 1 0 1 0 1 1 0 0 0 0 0 0 0 0 0 0 0 0 0 0 0 0 0 0 0 0 0 0 0 0 0 0 0 0 0 0 0
"throughout" 0 0 2 0 0 0 0 0 0 1 0 0 2 0 1 0 1 4 0 0 1 3 2 1 0 0 0 2 2 1 1 0 2 0 1 2 0 0 0 1 0 0 0 0 0 0 0 0 1 1 2 0 1 0 1 2 0 1 0 0
"product" 0 0 0 1 0 0 0 3 2 0 1 0 3 4 3 0 0 2 0 0 0 3 0 0 0 5 1 5 3 0 5 1 0 5 1 0 1 2 1 0 2 6 1 0 0 0 0 1 4 2 0 0 1 0 0 2 0 1 0 0
"accept" 0 0 0 0 0 0 0 0 1 0 0 0 0 1 0 1 0 1 2 1 1 2 6 1 0 4 1 3 0 0 0 0 0 2 2 4 0 1 0 0 2 1 1 0 0 0 1 0 1 0 1 0 0 1 4 1 0 1 0 0
"race" 1 0 0 0 0 0 0 0 0 0 0 0 0 0 0 0 1 2 0 0 0 0 5 7 0 2 1 0 0 1 14 0 0 0 1 3 0 0 0 1 1 2 0 1 0 1 0 2 0 1 0 1 1 1 0 1 0 0 0 2
"condit" 0 0 1 0 1 1 0 3 3 4 0 0 4 3 2 1 0 3 0 0 0 1 5 2 0 6 2 7 3 3 10 1 0 2 6 1 1 2 0 0 2 1 0 0 0 0 0 1 0 0 0 0 0 0 0 0 0 0 0 0
"fact" 0 0 1 0 3 0 0 0 0 0 0 0 0 2 0 0 1 0 2 0 0 0 5 1 1 1 0 1 1 1 1 1 0 0 1 1 1 2 1 1 0 2 0 0 0 0 0 0 1 0 5 0 0 0 0 0 0 0 2 0
"reform" 0 0 0 1 2 0 0 0 0 0 2 0 0 0 2 0 0 0 0 0 0 2 5 0 2 3 2 1 0 0 6 0 1 1 2 1 0 0 0 0 0 0 0 0 0 0 0 0 0 0 0 1 2 2 3 1 1 0 0 0
"behalf" 0 0 0 0 0 1 0 0 0 0 0 0 0 0 0 0 0 0 0 0 1 0 5 0 0 0 0 1 0 0 0 0 0 0 0 0 0 0 0 0 0 0 0 0 0 0 0 0 0 0 1 1 0 0 0 0 1 0 0 0
"revolut" 1 0 0 2 0 0 0 2 1 2 0 1 2 1 1 0 2 0 1 0 0 1 4 0 0 1 0 0 0 0 0 0 1 3 0 0 0 0 0 0 0 0 0 2 0 0 0 0 0 2 0 2 2 0 0 1 0 0 0 1
"suffrag" 0 0 2 1 1 1 0 1 1 0 0 1 1 0 2 0 0 0 0 0 2 0 3 6 1 1 0 0 0 0 1 0 0 0 0 0 0 0 0 0 0 0 0 0 0 0 0 0 0 0 0 0 0 0 0 0 0 0 0 0
"new" 1 0 1 0 1 0 0 1 2 1 0 0 4 1 5 1 1 1 3 1 0 1 2 5 1 7 0 3 5 2 4 5 3 11 6 7 1 6 4 0 8 1 4 7 5 8 15 9 3 9 14 9 29 5 1 11 6 6 3 6
"suprem" 0 0 1 0 0 0 0 0 1 0 0 0 0 0 0 0 0 1 2 0 0 0 2 5 1 1 1 0 0 0 0 0 0 6 1 0 0 0 0 1 1 2 0 0 0 0 0 0 0 0 0 0 0 0 0 0 0 0 0 1
"negro" 0 0 0 0 0 0 0 0 0 0 0 0 0 0 0 0 0 0 0 0 0 0 0 5 0 0 0 0 0 0 13 0 0 0 0 0 0 0 0 0 0 0 0 0 0 0 0 0 0 0 0 0 0 0 0 0 0 0 0 0
"employ" 1 0 1 0 0 0 1 0 1 0 0 0 1 3 1 1 0 0 0 0 0 0 2 4 2 0 0 3 2 0 3 0 0 0 1 2 1 0 0 0 0 0 0 1 0 1 0 0 0 1 0 0 0 0 0 0 0 0 0 0
"partisan" 0 0 0 0 0 0 0 0 0 0 0 0 0 0 0 0 1 0 0 0 0 0 3 0 5 1 1 2 0 0 0 1 0 0 0 0 0 0 0 0 0 0 0 0 0 0 0 0 0 0 1 0 0 0 0 0 0 0 0 0
"demand" 0 0 1 0 0 0 0 1 3 0 1 0 0 1 1 0 1 0 1 0 1 0 2 3 4 8 2 6 1 0 1 0 1 2 0 1 2 2 0 0 0 0 1 0 2 0 0 1 1 1 0 2 2 1 0 3 2 1 0 0
"labor" 0 0 0 2 1 0 0 0 0 1 0 0 1 3 2 0 1 0 5 0 0 1 2 2 4 2 2 4 3 0 7 2 0 1 1 1 0 0 0 0 3 3 2 0 0 0 0 0 1 2 0 0 2 0 1 1 1 1 0 0
"life" 1 0 2 1 2 1 1 1 2 1 0 1 1 1 3 0 0 0 0 0 0 0 0 2 3 2 4 1 3 6 2 8 6 4 5 4 2 3 9 2 5 7 2 3 1 5 1 2 2 2 4 2 3 3 4 3 4 2 1 3
"share" 2 0 0 0 0 0 1 0 0 0 1 1 0 3 0 1 0 1 0 0 1 2 0 1 3 0 0 1 0 0 0 0 0 2 2 2 0 0 0 0 1 0 3 1 1 5 4 1 3 0 2 0 0 3 0 0 0 2 0 0
"benefit" 1 0 0 0 1 0 0 0 1 1 0 0 2 2 3 0 1 2 1 0 0 0 1 2 3 3 2 2 0 0 4 0 0 1 0 1 0 0 0 0 6 0 0 0 0 0 0 1 0 0 0 0 1 0 0 0 0 1 0 0
"welfar" 0 0 1 0 0 0 0 1 1 4 0 0 5 0 1 1 0 0 0 0 0 0 3 1 3 0 1 0 0 2 1 0 0 3 3 2 0 2 0 0 2 0 0 0 0 0 1 0 0 0 1 0 2 0 0 0 0 1 0 0
"communiti" 2 0 0 0 0 0 0 3 1 0 0 2 3 2 2 0 0 1 1 0 0 0 0 2 0 10 0 1 0 0 3 0 1 0 0 3 0 1 0 1 0 2 0 0 0 1 2 0 0 1 1 3 3 4 1 0 0 0 0 2
"method" 0 0 0 0 0 0 0 0 0 0 0 0 0 0 0 0 0 0 0 0 2 2 0 0 1 9 1 2 2 0 4 0 0 1 5 2 0 2 0 0 0 1 0 0 0 0 0 0 0 0 0 0 0 0 0 0 0 0 0 0
"friend" 0 0 3 1 3 2 0 1 0 3 0 0 3 2 0 1 1 0 3 0 0 1 0 0 0 7 0 2 1 0 0 0 0 0 0 0 0 0 0 2 0 4 2 3 1 1 1 0 0 4 9 3 0 1 1 3 1 0 2 0
"use" 0 0 0 1 3 2 0 2 2 0 0 0 0 10 0 0 0 1 3 0 1 1 1 3 1 7 3 1 1 0 7 6 2 0 2 3 3 4 0 0 3 2 2 0 0 2 2 2 3 1 3 0 0 0 2 2 0 0 1 3
"better" 0 0 2 1 1 0 0 1 1 0 0 0 1 2 0 0 1 0 4 0 0 1 0 1 0 6 2 3 1 0 3 0 0 2 3 1 1 3 1 1 2 0 0 0 0 3 7 2 0 4 5 3 4 0 0 2 1 0 4 0
"suggest" 0 0 1 0 0 0 0 0 1 0 0 1 0 2 0 0 2 0 1 0 0 0 1 1 1 6 1 0 0 0 4 0 0 2 1 0 0 0 0 0 0 1 0 0 0 0 0 0 0 0 0 0 0 0 0 1 0 0 0 0
"fair" 0 0 1 0 2 1 0 3 3 0 1 0 1 2 1 0 1 4 1 0 0 1 0 0 2 2 4 3 1 0 2 1 1 0 3 0 0 0 0 0 1 0 0 0 0 0 0 1 2 2 0 1 0 2 0 1 1 0 0 2
"enterpris" 0 0 0 0 0 1 1 0 0 0 0 0 0 2 0 0 1 0 0 0 0 0 0 1 1 5 4 3 0 0 6 3 0 1 1 0 1 0 2 0 1 0 0 0 1 1 0 0 0 2 0 1 1 1 0 0 1 0 0 0
"activ" 0 0 0 0 0 0 0 1 0 0 0 0 0 1 0 1 0 0 0 0 0 0 0 0 1 0 4 0 1 0 0 1 1 4 2 4 1 0 0 0 1 0 0 0 0 0 0 0 0 0 1 0 0 0 0 0 0 0 0 0
"return" 1 0 1 0 2 0 0 0 0 0 1 0 1 2 1 0 0 1 1 0 1 2 3 0 0 1 3 1 0 0 1 0 1 1 2 3 3 0 0 0 0 0 0 0 0 0 0 0 1 2 0 0 1 0 0 1 0 0 0 3
"pledg" 1 0 1 0 0 1 1 0 1 2 0 0 1 3 1 0 3 0 0 0 0 0 1 0 2 0 3 0 1 0 1 0 0 2 1 0 2 2 0 0 0 1 4 7 0 0 2 1 2 1 0 1 2 2 0 1 2 0 2 1
"economi" 1 0 0 1 0 1 0 1 2 1 1 1 0 0 1 1 1 0 0 0 0 0 1 1 1 1 3 2 1 0 1 1 0 1 6 1 1 0 0 0 0 0 0 0 0 1 0 0 4 5 0 3 2 2 0 3 1 0 0 0
"wise" 1 0 1 1 0 1 0 3 0 1 0 1 4 1 2 1 2 3 3 0 0 1 4 0 0 4 3 3 2 0 2 0 0 1 1 1 1 0 0 0 1 0 1 0 0 0 0 0 0 0 0 0 0 0 0 1 0 0 0 0
"busi" 0 0 0 0 0 0 0 0 0 0 0 0 0 1 0 0 0 0 0 0 1 0 0 2 3 2 3 8 2 0 22 2 0 5 2 6 1 0 0 0 1 0 0 0 0 0 0 0 1 0 0 1 0 0 1 2 1 0 1 0
"action" 0 0 1 1 1 0 0 1 0 3 1 1 5 2 2 1 2 0 3 0 0 0 0 0 1 0 1 7 1 0 2 1 7 1 9 1 6 2 1 0 4 1 0 0 1 1 0 0 1 0 2 0 0 0 0 1 1 2 0 2
"constant" 0 0 1 0 0 0 0 1 2 0 1 1 1 3 1 0 1 1 0 1 0 0 0 0 1 0 3 7 1 0 1 0 0 0 4 4 0 1 1 0 2 0 1 0 1 0 0 0 0 0 0 0 1 0 0 0 2 1 1 0
"prompt" 0 0 1 0 0 0 0 1 0 0 1 0 2 0 1 0 1 0 0 0 0 0 1 1 0 1 3 6 0 0 3 0 0 0 0 0 0 0 0 0 0 0 0 0 0 0 0 0 0 0 0 0 0 0 0 0 0 0 0 0
"island" 0 0 0 0 0 0 0 0 1 0 0 0 0 0 0 0 0 0 0 0 0 0 0 0 0 1 0 0 9 0 1 0 0 0 1 0 0 0 0 0 0 0 2 0 0 0 0 0 0 0 0 0 0 0 0 0 0 0 0 0
"oblig" 0 0 2 0 0 1 2 0 1 3 0 1 2 2 2 1 4 0 1 0 1 2 1 1 2 3 0 4 6 1 3 0 1 2 3 2 3 1 0 0 0 0 0 0 0 0 0 1 0 0 0 0 1 0 1 0 2 0 1 0
"alreadi" 0 0 0 0 1 0 1 2 1 0 0 0 3 1 2 0 0 0 0 1 0 0 0 2 0 1 1 1 5 0 1 0 0 0 4 0 0 2 0 0 1 0 0 0 0 0 0 1 0 1 0 1 1 0 0 1 0 0 0 0
"inhabit" 0 0 0 0 1 0 0 1 0 1 0 0 0 0 0 0 0 1 1 0 0 0 0 1 0 0 0 0 5 0 0 0 0 0 0 0 0 0 0 0 0 0 0 0 0 0 0 0 0 0 0 0 0 0 1 1 0 0 0 0
"cuba" 0 0 0 0 0 0 0 0 0 0 0 0 0 0 0 0 0 0 0 0 0 0 0 0 0 0 0 0 5 0 0 0 0 0 0 0 0 0 0 0 0 0 0 0 0 0 0 0 0 0 0 0 0 0 0 0 0 0 0 0
"prepar" 0 0 2 0 1 0 0 3 5 3 0 0 0 2 1 0 0 0 0 0 0 1 0 0 0 0 0 0 4 0 1 0 0 0 2 2 1 0 0 0 0 1 0 0 0 0 0 0 0 0 0 0 0 0 1 1 0 0 0 0
"relat" 0 0 1 0 1 0 0 2 5 4 1 0 4 10 1 2 2 0 0 0 0 2 2 3 2 1 3 4 4 3 0 0 0 1 4 3 2 0 0 0 3 0 0 0 0 0 0 0 1 0 0 0 0 0 2 1 0 0 0 0
"respons" 0 0 0 0 0 1 1 3 1 0 0 1 1 1 5 1 3 1 0 0 1 1 0 4 2 1 3 4 4 4 5 0 2 5 6 9 0 0 0 0 2 3 1 1 0 0 17 1 0 3 0 4 5 5 1 2 3 0 2 1
"treati" 0 0 0 0 0 0 0 1 4 1 0 0 0 0 1 1 0 1 2 0 0 0 0 0 0 0 0 4 4 0 5 0 0 0 4 1 0 0 0 0 2 1 0 0 0 0 1 0 0 0 1 0 0 0 0 0 0 0 0 1
"near" 0 0 0 0 0 0 0 2 1 2 0 0 2 0 0 1 1 1 3 0 0 0 0 0 0 3 1 2 4 0 0 0 0 0 0 0 0 1 0 0 0 1 1 1 0 0 0 0 0 0 0 0 1 1 0 0 0 1 0 0
"problem" 0 0 0 0 0 0 0 0 0 0 0 0 0 0 0 0 1 0 0 0 0 0 1 0 0 0 0 1 2 5 1 0 1 1 3 4 3 4 0 0 1 2 0 2 0 0 1 1 3 1 2 0 4 2 0 0 0 0 0 0
"face" 0 0 0 0 0 1 0 0 0 0 0 0 0 0 0 0 0 0 2 1 0 0 0 1 0 0 0 1 1 4 2 1 1 3 1 0 7 1 1 0 2 1 0 0 0 0 2 0 2 1 2 3 3 0 2 4 2 2 4 2
"affair" 1 0 0 1 3 0 0 0 0 1 0 0 1 3 2 0 3 0 0 0 0 1 3 0 2 1 2 1 0 3 1 1 2 1 3 1 0 0 0 0 1 0 1 0 0 0 1 0 0 0 0 0 1 0 0 0 0 1 0 0
"wish" 0 0 3 1 1 0 0 1 1 0 0 0 3 3 0 0 1 0 1 0 0 0 1 0 0 1 0 0 0 3 5 0 6 2 6 2 1 0 0 1 1 1 1 1 0 1 0 0 0 0 1 0 0 0 0 0 0 0 0 1
"fear" 0 0 0 3 2 0 0 0 0 0 0 0 5 3 2 1 4 0 1 0 1 0 0 1 1 0 0 1 1 3 1 1 0 0 0 4 2 1 1 2 3 2 3 2 0 3 0 0 0 0 1 1 1 0 1 2 1 1 3 0
"children" 0 0 0 0 1 0 0 0 1 0 0 0 1 0 1 0 2 3 0 0 0 0 0 3 0 0 0 0 0 3 0 3 0 0 0 1 0 1 0 1 0 0 0 0 2 0 1 0 5 0 4 3 6 4 0 3 3 2 6 2
"show" 0 0 0 0 0 0 0 0 0 0 0 0 1 0 0 0 0 0 1 0 0 0 0 0 0 1 1 0 1 3 1 0 0 1 3 0 0 0 0 0 1 0 1 0 1 0 0 1 1 0 1 1 0 2 1 0 1 0 3 1
"larg" 1 0 1 0 2 1 0 0 1 0 0 0 1 1 2 1 1 3 0 0 1 0 1 0 2 5 0 4 0 2 5 1 0 0 2 6 0 0 0 0 1 0 0 0 0 0 0 0 0 0 1 0 0 0 0 0 0 1 0 0
"strong" 1 0 0 2 0 0 0 2 1 0 0 0 0 2 1 0 1 0 0 0 1 0 1 1 0 1 2 0 1 2 4 0 0 0 2 1 0 2 1 1 2 1 2 2 0 3 2 3 1 0 6 1 5 2 0 0 1 1 1 2
"foundat" 1 0 0 0 1 0 0 0 0 0 0 0 1 1 0 0 1 0 0 0 0 0 2 3 0 0 0 1 2 2 1 1 0 2 1 2 0 1 0 0 0 0 0 0 0 0 0 0 0 0 0 1 0 0 0 1 0 0 1 0
"tariff" 0 0 0 0 0 0 0 0 0 0 0 0 0 0 4 0 0 2 0 0 0 0 0 0 0 3 2 4 0 0 13 1 0 2 1 1 0 0 0 0 0 0 0 0 0 0 0 0 0 0 0 0 0 0 0 0 0 0 0 3
"pass" 0 0 0 1 0 0 0 1 2 4 0 1 3 3 0 0 0 2 2 1 0 0 4 1 0 0 0 1 0 0 12 0 1 0 1 0 0 0 0 1 0 4 2 2 0 1 1 0 0 2 2 1 0 4 0 3 0 0 1 0
"south" 0 0 0 0 0 0 0 0 1 0 0 0 0 0 0 0 1 2 1 1 0 0 3 4 0 3 0 1 0 0 12 0 0 0 0 0 0 0 0 0 0 0 1 2 0 0 0 0 0 0 0 0 0 0 0 0 0 0 0 0
"trade" 0 0 0 0 0 0 0 0 2 0 0 1 0 0 2 0 2 4 2 0 1 1 0 0 1 4 1 4 1 0 11 0 1 5 0 0 3 0 0 0 3 2 0 0 0 0 0 0 0 0 1 0 1 0 0 0 0 1 0 1
"chang" 0 0 0 1 2 1 0 0 3 0 0 0 1 4 0 0 1 0 4 0 0 2 3 3 0 1 0 3 0 1 10 4 1 2 1 1 2 5 0 0 1 2 4 1 12 1 0 1 0 4 2 11 2 1 0 2 3 1 1 5
"interst" 0 0 0 0 0 0 0 0 0 0 0 0 0 0 0 0 0 0 0 0 0 0 0 0 0 0 0 0 0 0 10 0 0 0 0 0 0 0 0 0 0 0 0 0 0 0 0 0 0 0 0 0 0 0 0 0 0 0 0 0
"thing" 0 0 1 2 2 0 0 0 0 0 0 0 1 3 0 0 3 0 0 0 0 1 2 1 0 2 0 0 1 2 2 8 6 4 2 2 3 4 3 1 0 0 1 0 0 5 0 0 0 2 10 0 1 2 0 3 2 0 5 1
"live" 0 0 2 0 1 0 0 1 1 1 0 0 2 1 1 0 1 1 2 1 0 1 0 1 0 1 0 0 0 0 2 5 1 3 3 1 2 3 7 2 9 7 6 0 3 7 6 0 5 4 5 2 9 7 5 1 3 3 2 2
"industri" 0 0 0 3 2 0 0 3 1 1 0 0 1 1 5 0 0 1 0 0 1 3 1 3 2 2 0 4 2 2 8 5 4 9 2 0 2 0 0 0 4 1 2 0 0 1 0 0 2 1 0 0 2 0 0 0 1 3 0 1
"come" 0 0 0 0 0 0 0 0 0 0 0 0 1 3 2 0 0 0 1 2 2 0 3 3 0 3 0 2 1 0 4 5 1 4 3 2 3 3 2 1 3 4 3 1 2 7 6 0 1 4 2 1 6 1 3 4 0 1 6 5
"eye" 1 0 0 1 0 0 0 0 0 0 0 1 1 0 0 0 1 0 0 0 0 0 0 0 0 0 0 0 0 0 0 4 0 1 0 0 0 0 0 0 0 0 0 0 0 1 0 0 1 0 0 1 2 0 1 2 1 0 0 0
"thought" 1 0 1 1 0 0 0 0 2 0 0 0 1 4 1 0 2 0 1 1 0 2 1 2 0 2 1 2 1 0 2 4 8 1 6 2 1 0 0 0 2 2 0 0 0 1 0 0 0 0 2 0 0 0 0 0 0 1 1 1
"individu" 0 0 2 0 2 0 0 4 1 3 0 1 5 6 3 1 2 3 1 0 1 2 1 0 0 2 1 2 0 2 1 4 0 5 1 2 0 3 1 0 3 1 0 0 0 0 4 2 5 1 0 0 0 0 0 1 2 0 0 1
"process" 0 0 0 0 1 0 0 0 0 1 0 0 0 2 0 0 0 0 0 0 0 0 0 0 0 0 0 0 0 0 2 4 2 0 0 2 0 2 1 0 0 0 0 0 0 0 0 0 1 0 0 1 0 0 0 0 0 0 0 1
"cost" 0 0 0 0 0 0 1 0 0 1 0 0 1 0 0 0 0 0 0 0 0 0 0 0 0 0 0 0 1 0 4 4 1 1 3 1 2 0 0 1 0 0 2 1 0 0 0 0 1 2 0 1 0 0 0 2 1 1 0 1
"set" 0 0 0 0 0 0 0 0 0 0 0 0 1 0 1 0 0 0 0 0 0 0 0 2 0 0 1 0 1 2 1 4 4 0 1 1 0 1 0 0 0 0 0 0 0 2 0 1 0 0 0 0 2 1 2 1 1 0 2 1
"democrat" 0 0 0 0 0 0 0 0 0 0 0 0 0 4 0 0 0 0 0 0 0 0 1 0 1 0 0 0 0 1 0 4 0 0 0 0 0 3 1 0 3 0 0 0 0 0 0 1 0 1 0 0 0 1 2 0 0 0 0 0
"women" 0 0 0 0 0 0 0 0 0 0 0 0 0 0 0 0 0 0 0 0 0 0 0 0 0 0 0 0 0 0 0 4 0 0 1 2 0 3 1 1 0 0 0 0 0 0 0 0 2 2 4 1 1 0 2 4 2 2 1 1
"wast" 1 0 0 0 0 1 0 0 1 0 0 0 0 0 0 0 1 0 0 0 0 0 0 1 1 1 2 1 1 0 1 3 0 1 3 0 0 0 0 0 0 0 0 0 1 0 0 0 0 0 0 0 2 0 0 0 0 0 0 0
"studi" 1 0 0 0 0 0 0 0 0 0 1 0 0 0 0 1 0 0 0 0 1 0 0 0 0 0 0 0 0 0 1 3 0 0 1 0 0 0 0 0 0 0 0 0 0 0 0 0 0 0 0 0 0 0 0 0 0 0 0 0
"counsel" 0 0 0 0 1 1 1 0 0 1 0 0 1 0 0 0 3 0 0 0 1 0 1 0 0 0 1 0 0 0 0 3 6 1 3 0 0 0 0 0 0 0 2 0 0 0 0 0 0 0 0 0 0 0 1 0 0 0 0 0
"done" 0 0 0 0 3 0 0 4 0 0 0 0 0 1 2 0 0 1 1 0 0 1 0 2 0 0 0 2 1 1 3 0 4 0 7 1 0 0 0 0 0 1 0 0 0 4 0 1 3 2 3 5 0 1 0 2 0 2 0 0
"conscious" 1 0 1 1 0 1 0 2 0 1 0 0 3 0 0 1 2 0 0 0 1 0 0 0 0 0 0 0 0 0 1 0 3 0 2 0 1 0 0 0 0 1 0 0 0 0 0 0 0 0 0 0 0 0 0 0 0 0 0 0
"privat" 2 0 2 0 0 1 0 0 0 0 1 0 0 0 0 0 0 0 1 0 0 0 1 0 1 0 1 1 0 0 1 2 3 2 1 1 0 1 0 0 1 1 0 0 0 0 0 0 0 0 0 0 0 1 1 0 0 0 0 1
"opportun" 2 0 0 0 0 0 1 0 1 1 0 0 0 0 1 0 1 0 1 0 0 0 0 0 0 1 0 1 0 0 0 3 3 6 4 6 0 3 1 0 2 0 1 0 0 2 2 1 4 4 0 3 4 1 0 1 2 0 1 1
"togeth" 1 0 0 0 0 0 0 2 1 1 0 1 1 0 2 0 0 1 0 0 0 1 0 0 0 0 0 0 1 0 0 0 3 0 0 0 0 2 2 1 3 0 0 2 3 8 7 7 2 7 2 2 6 1 1 1 7 4 6 5
"see" 0 0 1 2 2 0 0 1 1 0 0 1 1 4 3 0 2 0 0 1 0 0 0 1 0 0 1 0 0 0 1 3 3 0 1 3 0 9 0 2 1 0 1 0 1 7 1 0 1 0 3 2 2 2 2 2 1 0 2 1
"mankind" 0 0 1 1 0 0 0 0 0 0 0 1 2 0 1 0 3 0 0 0 0 0 0 1 0 0 0 2 1 1 0 0 3 4 2 1 1 1 0 0 4 1 3 2 1 3 0 0 0 1 0 0 0 0 1 0 0 0 0 1
"inspir" 1 0 1 1 2 0 0 0 0 0 1 1 0 1 0 1 0 1 0 0 1 0 0 2 1 1 0 2 1 0 0 0 0 8 1 1 0 0 0 0 1 2 1 0 1 1 0 0 0 0 0 0 0 1 0 0 0 0 1 3
"way" 1 0 0 0 0 0 1 0 1 0 0 0 2 1 1 0 1 2 1 0 0 0 2 0 1 2 0 1 3 0 6 1 2 8 3 3 3 5 1 4 1 4 0 0 5 2 4 1 1 3 3 3 2 3 1 3 2 2 6 3
"understand" 0 0 0 1 2 0 0 0 0 0 0 0 0 3 1 0 1 0 1 0 0 0 1 0 0 0 0 1 0 0 1 1 0 8 2 1 1 3 3 2 0 1 0 0 0 1 3 0 1 0 1 0 0 0 0 3 2 2 2 0
"today" 0 0 0 0 0 0 0 0 0 0 0 0 0 0 0 0 0 0 0 0 0 0 0 0 2 0 0 1 0 1 1 1 0 7 0 2 2 4 0 4 2 1 2 3 2 5 5 1 6 5 7 10 6 2 3 6 6 5 9 10
"relationship" 0 0 0 0 0 0 0 0 0 0 0 0 0 0 0 0 0 0 0 0 0 0 0 0 0 0 0 0 0 0 0 0 0 7 1 0 0 1 0 0 0 0 0 0 0 0 1 0 0 0 1 0 0 0 0 0 0 0 0 0
"concern" 1 0 1 2 0 0 0 1 1 2 0 2 3 4 2 0 0 1 1 0 0 1 1 4 1 0 2 1 0 0 1 1 1 5 2 5 1 1 0 0 2 2 1 0 0 3 0 0 1 0 0 0 0 1 0 0 0 0 0 0
"tax" 0 0 0 0 2 0 0 1 3 1 0 1 0 0 6 0 0 0 0 0 0 0 0 0 0 0 2 1 0 0 2 0 0 1 9 0 1 0 0 0 0 0 0 0 0 0 0 0 4 6 0 0 0 1 0 0 1 1 0 2
"old" 0 0 0 0 1 0 0 0 1 0 0 0 0 1 1 0 0 0 3 0 0 1 0 0 0 0 0 2 1 1 1 1 0 4 9 2 4 3 2 1 1 0 1 1 7 1 4 1 0 3 6 2 4 2 0 3 0 2 0 1
"properti" 0 0 0 0 2 0 0 4 2 0 1 0 0 1 0 0 0 0 3 0 1 0 0 0 2 0 0 0 2 0 2 1 0 0 7 1 1 0 0 0 0 0 0 0 0 0 0 0 0 0 0 0 0 0 0 0 0 0 0 0
"progress" 0 0 0 0 1 1 2 1 5 1 1 0 2 2 1 0 1 4 0 1 0 2 1 1 0 2 0 2 2 0 7 0 0 5 0 17 2 8 1 0 2 0 3 1 1 1 5 0 2 6 1 0 2 0 2 1 1 0 2 0
"ideal" 0 0 0 0 0 0 0 0 0 0 0 0 0 0 0 0 0 0 0 0 0 0 0 0 0 3 0 0 0 1 0 1 0 4 3 9 0 3 2 0 0 0 0 0 0 0 1 1 1 0 0 3 0 6 8 3 1 0 1 0
"educ" 0 0 0 0 1 0 0 1 1 0 0 0 0 0 0 0 0 0 1 0 0 2 1 2 1 5 1 1 0 0 2 0 0 1 1 7 0 1 0 0 0 0 1 0 0 2 1 0 1 0 1 0 3 0 0 0 0 1 0 1
"crimin" 0 0 0 0 0 0 0 0 1 0 0 0 1 0 0 0 0 0 0 0 0 0 0 1 0 1 0 0 0 0 0 0 0 0 0 7 0 0 0 0 0 0 0 0 0 0 0 0 0 0 0 0 0 0 0 0 0 0 0 3
"cooper" 0 0 0 0 0 0 0 0 0 1 1 0 0 0 0 1 1 0 0 0 0 0 1 0 0 1 2 1 0 0 2 0 1 1 2 7 0 0 0 0 5 1 0 2 0 1 0 0 1 0 0 0 0 0 0 2 0 0 0 0
"direct" 0 0 0 0 3 1 0 0 3 2 0 2 2 5 2 1 2 1 2 1 0 2 0 2 0 2 1 3 2 0 6 1 0 1 5 6 3 0 1 0 1 1 0 0 0 0 0 0 1 0 0 0 0 3 1 0 0 0 0 2
"self-govern" 0 0 0 0 0 0 0 1 1 0 0 0 1 0 2 0 0 1 0 0 0 0 3 3 1 0 0 0 1 2 0 0 0 0 0 6 0 1 0 0 2 0 0 0 1 0 0 0 0 2 0 0 0 0 2 0 0 0 0 0
"settlement" 0 0 0 0 0 0 0 1 1 0 0 0 0 0 0 0 0 1 0 0 1 0 1 0 1 0 0 3 1 0 0 0 0 1 3 6 0 0 0 0 2 0 0 0 0 0 0 0 0 0 0 0 0 0 0 0 0 0 0 0
"organ" 0 0 0 0 0 0 0 2 2 1 0 0 1 1 1 0 2 0 2 0 0 0 1 1 0 4 0 1 2 0 2 1 1 1 0 6 0 0 0 0 0 0 0 0 0 0 0 0 0 0 1 0 0 0 0 0 0 0 0 1
"help" 0 0 0 0 0 0 0 0 0 0 0 0 0 0 0 0 0 0 0 0 0 0 0 0 0 2 0 2 2 0 1 2 0 2 5 2 7 2 0 0 7 4 8 4 1 4 6 2 3 5 5 2 1 0 3 2 0 0 0 2
"leadership" 0 0 0 0 0 0 0 0 0 0 0 0 0 0 0 0 0 0 0 0 0 0 0 0 0 0 0 1 0 0 0 0 0 1 1 5 7 1 0 0 1 2 0 0 0 0 0 0 0 0 2 0 0 0 0 0 0 0 0 1
"valu" 0 0 1 0 0 0 1 2 0 1 0 0 2 0 2 0 0 1 0 0 0 2 2 3 0 2 0 4 0 0 0 0 0 0 0 0 5 0 0 0 0 1 1 0 1 0 0 1 1 2 0 0 3 3 2 1 3 0 0 0
"disciplin" 0 0 0 1 1 0 1 0 0 1 1 0 0 0 0 0 1 0 0 0 0 0 0 0 0 0 0 0 0 0 0 0 0 0 0 0 5 0 0 0 0 0 0 1 0 0 0 0 0 0 0 1 0 0 0 0 0 0 0 0
"money" 0 0 0 0 0 0 0 3 0 1 2 1 0 2 3 0 0 4 0 0 0 0 0 4 0 0 2 4 1 0 0 0 0 0 2 0 5 0 0 0 0 0 0 0 0 1 0 0 0 1 1 0 0 0 0 0 0 0 0 4
"lie" 0 0 0 0 0 0 0 1 0 0 0 0 0 0 1 0 0 0 0 0 0 0 1 0 0 1 0 0 0 0 0 0 2 2 2 1 5 1 0 0 1 2 1 0 0 1 1 0 1 0 0 0 0 0 0 1 0 0 3 0
"neighbor" 0 0 1 0 0 1 0 0 3 0 0 0 0 1 0 0 1 0 0 0 0 1 0 0 0 1 0 0 1 0 1 0 0 0 0 0 4 1 1 0 0 1 0 1 2 2 0 0 2 0 2 0 1 1 1 0 0 0 2 0
"mere" 0 0 1 0 0 0 0 0 0 0 0 0 0 0 3 1 0 4 4 0 0 0 4 0 0 0 0 3 0 1 5 3 0 0 3 2 4 2 1 0 0 2 1 2 0 0 2 1 0 0 1 0 0 0 0 0 1 1 1 0
"endur" 0 0 0 1 0 0 0 0 0 0 0 0 1 0 1 0 1 0 2 0 0 0 0 0 0 0 0 1 1 1 0 1 0 0 0 0 4 2 1 0 0 0 0 0 2 1 1 1 1 1 0 1 1 1 0 4 4 0 2 0
"profit" 0 0 0 0 0 0 0 1 0 0 0 0 0 0 1 0 0 1 0 0 0 0 0 1 0 0 0 0 0 0 1 0 1 1 1 0 4 1 0 1 1 2 0 0 0 0 0 0 0 0 0 0 0 0 0 0 0 0 1 0
"emerg" 0 0 0 0 0 0 0 2 1 0 0 0 2 0 0 0 1 0 0 0 2 0 1 1 0 0 0 2 0 0 2 0 0 1 0 1 4 0 0 0 0 1 0 0 0 0 0 0 0 0 0 0 0 0 1 1 0 0 0 3
"accomplish" 1 0 0 0 0 0 0 2 1 1 1 0 0 3 3 0 1 3 0 0 1 1 2 2 1 1 1 0 1 0 3 0 0 0 0 2 3 0 0 0 1 1 0 0 0 0 0 1 0 1 0 0 0 1 0 0 0 0 0 0
"democraci" 0 0 0 0 0 0 0 0 0 1 0 0 0 4 0 0 0 0 0 0 0 0 0 0 0 0 0 0 0 0 0 0 0 4 0 1 1 8 9 2 9 0 0 0 1 0 0 0 0 3 5 4 5 2 1 0 2 0 11 1
"million" 0 0 0 0 0 0 0 0 0 3 1 0 0 0 7 0 0 0 0 0 0 0 0 0 0 0 0 0 1 0 0 0 0 1 0 2 0 7 1 0 2 0 1 0 0 0 0 0 2 3 0 4 3 0 2 0 0 3 1 4
"econom" 0 0 0 0 0 0 0 0 0 0 0 0 0 0 1 0 0 2 0 0 1 1 0 0 1 1 0 1 0 0 4 1 1 5 3 6 1 6 0 0 7 4 1 0 0 0 0 0 4 4 0 0 0 0 1 0 2 0 0 0
"road" 0 0 0 1 1 0 0 1 0 2 0 0 0 0 0 0 0 3 0 0 0 0 0 0 0 0 0 0 0 0 0 0 0 0 0 1 0 4 0 0 0 0 0 0 1 0 0 0 0 1 0 0 0 1 0 2 1 1 0 0
"solv" 0 0 0 0 0 0 0 0 0 1 0 0 0 0 0 0 0 0 0 0 0 0 1 0 0 0 0 0 1 1 0 0 0 2 1 0 0 4 0 0 0 0 0 0 0 0 0 1 1 0 0 0 2 0 0 0 0 0 0 0
"disast" 0 0 0 0 0 0 0 0 0 0 0 0 1 0 0 0 0 0 0 0 0 0 0 1 0 0 1 0 0 0 0 0 0 0 0 0 0 4 0 0 0 0 0 0 0 0 0 0 0 1 0 0 0 0 1 0 0 0 0 1
"bodi" 0 0 1 0 1 0 0 2 2 1 0 0 1 10 0 2 0 0 1 0 0 0 0 0 0 5 0 2 0 1 0 3 0 1 1 0 0 0 5 0 0 0 1 0 1 0 0 0 1 0 1 0 0 0 0 1 0 1 0 0
"speak" 0 0 1 1 0 1 0 1 0 0 0 1 0 2 0 0 2 1 4 0 0 1 1 1 0 0 0 0 0 0 1 0 2 2 0 1 1 1 5 0 0 0 3 0 0 3 0 0 2 1 2 1 1 2 3 0 0 1 1 0
"someth" 0 0 1 0 1 0 0 0 0 0 0 0 0 3 0 0 0 0 0 0 0 0 0 0 0 1 0 0 2 0 2 1 0 2 1 0 0 0 4 0 0 0 0 0 0 0 0 0 0 0 1 1 0 0 2 2 0 0 1 4
"sacr" 1 0 0 2 0 0 1 0 0 1 0 2 5 2 3 0 3 2 0 0 0 0 0 2 1 0 0 1 0 0 1 0 0 1 0 1 2 0 3 0 0 0 0 0 0 1 0 0 0 0 0 1 0 0 0 1 0 0 3 1
"destini" 1 0 1 2 0 1 0 1 0 1 0 0 0 0 2 0 1 2 0 0 0 0 1 2 2 0 0 2 1 0 0 0 0 3 1 1 1 0 3 0 0 1 3 0 2 5 0 0 0 0 0 0 1 0 1 1 0 2 0 2
"person" 1 0 2 2 1 1 1 1 3 1 1 0 0 7 2 0 4 1 5 0 1 1 1 0 0 5 2 0 0 0 1 0 0 0 1 0 1 1 3 0 1 1 0 0 0 0 1 2 1 0 0 1 1 2 0 0 3 0 2 0
"histori" 0 0 1 2 2 0 0 1 0 0 0 0 2 2 0 1 4 4 1 0 0 1 3 2 2 1 0 2 1 0 0 0 1 0 0 2 0 0 3 0 5 6 0 2 1 4 7 0 4 9 3 1 3 3 7 3 2 0 7 3
"land" 0 0 1 2 2 1 0 4 2 3 0 0 1 1 2 0 0 3 2 0 2 1 1 3 2 2 1 2 0 0 1 0 0 1 1 2 2 2 3 1 1 3 2 1 6 0 0 2 3 2 2 2 11 0 2 1 2 2 1 1
"alon" 0 0 0 1 2 1 1 1 0 1 0 0 2 2 1 0 2 1 0 0 0 0 1 1 1 0 0 1 0 0 0 0 0 2 1 4 1 0 3 1 2 1 2 0 1 1 0 0 1 1 1 1 2 0 0 1 3 0 0 0
"word" 0 0 0 0 1 0 0 0 0 1 0 0 0 4 0 0 2 0 1 0 0 0 0 0 0 0 0 1 0 1 1 0 0 0 0 0 0 0 3 1 0 1 0 3 1 3 0 1 2 1 7 1 1 0 2 4 4 1 2 1
"contin" 0 0 0 0 0 0 0 0 1 1 0 0 0 0 0 0 1 0 0 0 0 2 0 1 1 0 0 0 0 2 1 0 1 2 1 0 0 1 3 0 1 2 2 0 1 0 0 0 0 0 0 1 1 1 0 0 0 0 0 1
"learn" 0 0 0 0 0 0 0 0 0 1 0 1 1 1 0 0 0 0 0 0 0 0 0 0 0 1 0 0 0 0 0 0 0 1 1 1 0 0 0 5 2 0 0 0 4 3 2 2 0 0 1 0 2 0 1 0 2 0 1 1
"test" 0 0 0 0 0 0 0 1 0 0 0 0 0 0 1 0 0 0 0 0 0 0 0 0 0 0 0 0 0 0 2 0 0 1 1 1 0 2 0 3 1 0 0 0 0 0 0 0 0 0 0 0 0 0 2 1 1 0 3 1
"achiev" 0 0 0 0 0 0 0 0 0 0 0 1 1 0 1 0 1 0 0 1 0 0 0 0 1 2 2 1 1 1 0 1 0 1 0 0 1 2 1 3 6 2 0 0 2 4 0 0 2 1 0 0 2 1 3 1 0 0 0 1
"given" 2 0 0 0 0 1 1 1 0 0 0 0 2 11 1 0 0 1 4 0 0 1 0 2 0 3 2 4 1 1 4 1 1 0 2 3 2 0 0 2 0 1 1 0 1 1 0 2 0 1 1 0 0 0 1 1 0 0 0 2
"heart" 0 0 2 1 0 1 0 1 0 1 0 1 0 0 1 1 3 1 1 0 0 0 0 1 0 1 0 0 1 0 1 3 1 2 2 0 1 1 0 2 0 2 2 0 2 5 1 0 1 5 7 1 4 1 2 1 1 4 5 1
"gain" 0 0 0 1 1 0 0 0 0 0 0 0 0 0 0 0 1 0 1 0 0 0 0 1 0 0 2 1 0 0 0 0 0 2 0 0 0 1 1 2 0 0 0 0 1 0 0 0 0 1 0 0 0 0 0 0 0 0 1 0
"courag" 0 0 0 1 0 0 0 0 0 0 0 0 0 0 0 0 0 0 0 0 0 0 0 1 0 5 0 1 0 1 0 0 0 1 2 1 3 1 0 2 1 0 1 0 0 0 0 0 2 2 1 1 1 6 2 3 2 1 0 2
"work" 0 0 0 1 1 1 1 3 2 2 0 0 1 1 0 0 1 1 0 1 0 0 1 1 1 3 2 2 1 1 7 2 0 2 3 2 3 3 0 2 7 6 2 1 4 0 4 2 7 8 10 7 8 5 6 8 4 1 6 3
"rememb" 0 0 0 0 0 1 0 0 0 0 0 0 1 0 2 0 3 0 0 0 1 0 0 2 0 0 2 1 0 0 0 2 0 0 1 0 0 0 0 2 0 1 0 2 1 0 2 2 0 2 4 0 1 0 1 2 1 2 1 1
"upward" 0 0 0 0 0 0 0 0 0 0 0 0 0 2 0 0 0 0 0 0 0 0 0 0 0 1 0 0 0 0 0 0 0 0 0 0 0 0 0 2 0 0 0 0 0 0 0 0 0 0 0 1 0 0 0 0 0 0 0 0
"simpl" 0 0 0 0 0 0 0 0 0 0 0 0 0 1 0 0 0 1 1 0 0 0 0 0 0 0 0 0 0 0 0 0 0 0 1 0 1 0 1 2 0 1 0 0 0 4 0 0 1 0 1 1 0 2 0 0 0 1 0 1
"mistak" 0 0 0 0 0 0 0 0 0 0 0 0 0 0 0 0 0 0 1 0 0 0 0 0 0 0 0 0 0 0 0 1 0 1 0 0 0 0 0 2 0 0 0 0 1 0 0 2 0 0 0 0 0 1 0 0 1 0 0 0
"strive" 0 0 0 0 0 0 0 0 0 0 0 0 0 0 0 0 0 0 0 1 0 0 1 0 0 0 1 0 0 0 0 0 0 2 0 0 0 0 0 2 0 4 5 0 0 1 1 0 1 2 0 0 1 0 1 0 1 1 0 1
"well-b" 0 0 0 0 0 0 0 0 0 0 0 0 0 0 0 0 0 0 0 0 0 0 0 1 0 0 0 0 0 2 0 0 0 0 0 0 0 0 0 2 1 2 0 0 0 0 0 1 0 0 0 0 0 0 0 0 0 0 0 0
"trend" 0 0 0 0 0 0 0 0 0 0 0 0 0 0 0 0 0 0 0 0 0 0 0 0 0 0 0 0 0 0 0 0 0 0 0 0 0 0 0 2 0 0 0 0 0 0 0 0 1 0 0 0 0 0 0 0 0 0 0 0
"believ" 0 0 0 2 2 0 0 1 2 0 0 0 4 5 4 1 3 1 3 1 0 2 1 3 0 0 0 2 1 1 3 1 0 2 3 3 1 1 2 1 8 0 1 1 7 2 0 1 10 4 0 1 0 2 2 1 5 0 3 2
"program" 0 0 0 0 0 0 0 0 0 0 0 0 0 0 0 0 0 0 0 0 0 0 0 0 0 0 0 0 0 0 0 0 0 1 1 0 1 0 0 0 8 0 0 0 0 1 0 0 0 3 1 0 0 1 0 1 1 0 0 0
"strengthen" 0 0 0 0 1 0 1 0 0 0 1 1 3 1 2 0 1 0 0 1 1 0 0 3 1 1 0 4 0 0 0 0 0 3 1 3 0 0 0 0 6 2 0 1 0 1 0 1 1 1 0 0 2 0 0 1 1 0 0 0
"communism" 0 0 0 0 0 0 0 0 0 0 0 0 0 0 0 0 0 0 0 0 0 0 0 0 0 0 0 0 0 0 0 0 0 0 0 0 0 0 0 0 6 0 2 0 0 0 0 0 0 0 0 2 0 0 1 1 1 0 0 1
"intern" 0 0 1 0 1 1 0 1 5 4 1 1 2 0 0 1 2 0 0 0 0 1 1 0 0 1 0 4 2 0 6 0 0 5 4 2 3 0 0 0 5 0 2 0 0 0 0 1 0 0 0 1 0 0 0 0 0 0 0 0
"develop" 0 0 0 0 0 0 1 0 1 0 0 0 2 1 2 0 0 0 0 0 0 1 1 2 1 5 0 2 1 2 1 0 0 3 1 4 0 0 0 0 5 1 0 0 0 0 0 0 0 1 0 0 0 0 0 0 0 0 0 0
"agreement" 0 0 0 0 0 0 0 0 1 0 0 0 0 0 0 0 0 0 0 0 0 0 0 0 0 0 0 0 0 0 0 0 1 0 0 0 1 0 0 0 5 0 0 0 0 0 0 0 0 0 1 0 0 0 0 0 0 0 0 0
"area" 0 0 0 0 0 0 0 0 0 0 0 0 0 0 0 0 0 0 0 0 0 0 0 1 0 0 0 0 0 0 0 0 0 0 0 0 0 0 0 0 5 1 0 1 0 1 0 0 0 2 1 0 0 0 0 0 0 0 0 0
"recoveri" 0 0 0 0 0 0 0 0 0 0 0 0 0 0 0 0 0 0 0 0 0 0 0 0 0 0 0 0 0 0 0 0 0 0 0 2 3 0 0 0 5 0 0 0 0 0 0 0 0 0 0 0 0 0 0 0 1 0 0 0
"greater" 1 0 0 1 0 0 1 3 0 0 0 1 0 4 1 0 0 1 1 0 1 0 0 3 0 2 0 2 1 0 3 0 0 1 1 5 0 1 1 0 4 0 2 0 1 0 0 0 3 0 2 0 0 1 1 4 1 0 0 2
"strength" 0 0 0 0 2 0 0 3 3 0 0 0 2 0 1 2 4 0 0 0 0 1 0 1 1 2 3 0 0 1 0 1 0 2 0 2 0 0 0 0 2 10 3 1 2 1 1 7 5 1 3 2 2 1 1 1 2 2 3 1
"hold" 0 0 0 0 0 1 0 2 0 1 0 0 0 2 0 1 1 0 5 0 0 1 0 0 1 3 2 0 0 0 2 1 0 4 5 2 0 2 0 0 2 6 0 1 0 0 0 1 0 1 0 1 0 1 0 0 1 0 0 0
"light" 2 0 0 1 0 1 0 1 2 0 1 0 1 0 0 0 4 0 0 0 0 0 0 4 0 1 0 0 0 0 1 1 1 1 0 0 0 1 0 0 0 5 1 2 0 2 0 0 0 1 2 1 0 0 0 2 1 0 1 0
"anoth" 1 0 0 1 1 0 1 1 1 1 0 1 0 6 5 0 0 0 3 1 1 0 0 0 1 2 1 0 0 0 2 0 1 2 1 1 0 0 0 0 0 4 0 0 1 2 3 1 0 2 0 1 3 1 3 0 1 2 9 0
"want" 0 0 0 1 1 0 1 3 0 0 1 0 3 8 0 0 0 0 0 0 0 0 0 0 1 0 0 1 0 0 0 0 0 4 4 0 1 0 0 0 1 0 5 0 1 4 0 1 1 0 2 1 0 0 2 0 0 1 0 2
"earth" 0 0 0 1 0 0 0 0 0 4 0 1 0 0 2 1 2 0 0 0 1 1 0 0 0 2 0 0 0 2 0 0 0 2 3 0 0 0 0 1 2 2 5 2 1 9 0 1 3 6 1 1 1 0 2 3 2 2 0 3
"divid" 0 0 0 1 0 0 0 0 0 1 0 1 0 0 0 0 0 1 2 1 1 0 0 1 0 1 0 1 0 0 0 0 0 0 1 0 0 1 0 0 1 0 4 2 1 2 1 0 0 0 0 0 2 0 0 0 0 0 1 0
"mr" 0 0 0 0 0 0 0 0 0 0 0 0 0 5 0 0 0 0 0 0 0 0 0 0 0 0 0 0 0 0 1 0 0 0 0 0 0 0 0 1 2 0 4 2 0 2 3 0 3 0 6 0 0 0 1 0 1 0 0 0
"build" 0 0 0 0 0 0 0 0 0 0 0 0 0 0 0 0 0 0 1 0 0 0 0 0 0 0 0 0 0 0 0 0 1 1 0 4 1 0 1 1 1 0 4 0 1 2 5 0 0 2 0 1 5 3 1 2 2 1 1 4
"thus" 1 0 0 0 1 0 0 3 3 0 1 0 2 2 0 0 2 4 0 0 0 0 1 1 1 1 1 3 0 0 1 0 0 0 0 1 0 0 0 0 0 0 3 0 2 0 0 0 0 0 0 0 0 0 0 0 0 0 0 0
"side" 1 0 0 0 0 0 1 0 2 0 0 0 0 1 0 0 2 1 4 0 0 0 0 0 0 0 1 0 0 0 0 2 0 1 1 1 1 1 0 0 0 0 0 8 1 1 0 0 3 1 0 0 0 1 1 1 0 0 0 0
"final" 1 0 0 0 1 0 0 0 0 0 0 2 0 1 0 0 0 1 1 0 0 0 0 2 0 0 0 0 0 0 0 0 0 1 1 0 1 0 1 0 0 2 0 5 0 0 0 0 0 2 1 0 0 0 1 1 0 1 1 0
"weak" 0 0 0 1 1 0 0 0 0 0 0 0 0 0 0 0 3 0 0 0 0 0 0 1 0 3 1 0 0 2 0 1 0 0 0 0 0 0 0 0 1 1 1 4 0 3 1 4 0 0 0 0 0 1 1 1 0 0 0 0
"begin" 0 0 0 0 0 0 0 0 0 0 0 0 1 0 0 1 0 1 0 0 0 1 0 1 0 2 1 1 0 0 0 1 0 2 1 1 0 2 0 0 2 2 0 4 0 2 1 2 5 4 2 1 0 3 0 2 0 0 0 4
"dare" 2 0 0 0 1 0 0 0 0 0 0 0 1 0 0 0 0 0 0 1 0 0 0 0 0 0 0 0 0 0 0 1 0 0 0 0 0 0 0 0 0 1 0 3 0 0 0 0 0 2 0 0 1 0 0 0 0 0 0 0
"join" 1 0 0 0 1 0 0 0 0 0 0 0 0 0 0 0 0 0 0 0 1 0 0 1 0 0 0 0 0 0 0 0 0 1 0 0 0 0 1 0 1 3 1 3 1 2 0 2 0 1 0 1 1 0 0 2 0 1 3 0
"struggl" 1 0 0 0 0 0 1 0 1 0 0 0 1 0 0 0 2 0 0 0 0 1 1 1 0 1 0 0 0 0 3 2 1 0 0 0 0 0 0 0 0 1 1 3 1 0 0 1 3 3 0 0 0 1 0 1 0 1 2 0
"go" 0 0 1 1 0 0 0 0 1 0 0 0 1 0 0 0 0 0 3 0 1 0 0 0 0 0 0 2 1 0 2 1 1 1 1 0 1 2 2 0 1 0 0 3 2 6 1 0 7 3 2 1 3 0 1 0 0 1 1 8
"coven" 0 0 0 0 0 0 0 0 0 1 0 0 0 0 0 0 0 0 0 0 0 0 0 0 0 4 0 0 0 0 0 0 0 0 2 0 0 1 0 0 0 0 0 0 6 0 0 0 0 0 0 0 0 0 0 0 0 0 0 0
"find" 0 0 0 1 2 1 2 4 2 0 0 1 0 2 2 0 2 0 2 0 0 1 0 1 0 5 1 1 2 0 1 0 0 2 3 5 1 3 2 0 1 1 0 2 4 2 1 0 1 2 1 0 1 2 3 2 2 0 0 0
"enemi" 0 0 2 0 0 0 2 0 3 0 0 0 1 0 0 0 0 0 2 0 0 0 0 0 0 0 0 0 0 0 0 0 0 1 0 0 0 0 0 0 1 1 0 2 3 1 0 1 1 0 0 1 0 1 3 1 1 0 0 2
"reach" 0 0 0 2 1 0 0 0 0 0 0 0 2 0 0 0 1 3 2 0 1 0 1 0 0 0 1 0 0 0 2 1 0 1 2 2 0 1 0 0 0 2 0 0 1 7 2 0 1 3 1 0 3 1 1 1 1 0 0 0
"moment" 0 0 0 2 0 1 1 0 0 1 0 0 0 1 0 0 1 0 1 0 1 0 1 1 0 0 0 1 2 0 0 0 0 0 0 0 1 1 1 0 1 3 1 0 3 7 0 0 1 3 3 0 1 0 0 4 2 2 6 1
"forward" 0 0 0 0 0 0 0 0 0 1 0 0 1 0 0 0 0 0 0 0 0 1 0 1 0 0 0 0 0 0 2 0 0 1 0 0 1 1 2 0 0 0 0 0 0 6 3 0 1 4 0 0 1 0 3 3 1 2 4 3
"centuri" 0 0 0 0 0 0 0 0 0 0 0 0 1 1 1 0 1 0 0 0 0 0 0 4 1 4 0 0 1 2 1 0 0 0 0 0 0 3 1 1 1 3 0 2 1 5 3 1 1 3 2 2 21 2 3 0 1 0 4 0
"open" 0 0 2 0 1 0 1 0 2 0 0 0 2 1 1 0 4 0 1 0 0 0 0 2 0 1 1 1 2 0 1 0 0 1 2 2 0 0 0 0 0 0 0 0 0 4 0 2 2 1 0 0 2 0 0 0 1 2 1 0
"last" 0 0 0 0 0 0 2 0 3 2 0 1 2 2 2 0 2 0 0 1 0 1 0 2 1 0 0 4 0 1 2 1 1 1 2 0 0 2 0 1 3 0 2 1 0 4 2 1 1 2 1 0 3 1 0 3 2 0 2 0
"heard" 0 0 0 0 0 0 0 0 0 2 0 0 0 0 0 0 0 1 0 0 0 0 0 0 0 1 0 0 0 0 0 0 0 0 0 0 0 1 0 0 0 0 0 0 0 4 0 0 0 0 1 1 0 0 0 0 0 1 1 1
"promis" 0 0 0 0 0 0 0 0 0 2 0 0 1 3 0 0 0 0 0 0 0 1 0 3 1 2 3 1 1 0 7 0 0 0 2 0 0 1 0 0 0 1 1 0 3 4 4 0 0 0 1 1 11 5 2 3 2 1 1 2
"abroad" 0 0 1 1 0 0 0 1 0 1 0 0 3 0 1 0 3 0 0 0 0 0 1 0 0 0 0 1 1 0 3 0 0 0 3 3 0 0 0 0 0 0 0 0 0 1 8 1 0 0 0 1 0 0 0 0 1 0 0 1
"role" 0 0 0 0 0 0 0 0 0 0 0 0 0 0 0 0 0 0 0 0 0 0 0 0 0 0 0 0 0 0 0 0 0 0 0 0 0 0 0 0 0 1 1 1 0 0 7 0 0 0 0 0 1 0 0 1 1 0 1 0
"bold" 0 0 0 0 0 0 0 0 0 0 0 0 1 1 0 0 1 0 0 0 0 0 0 1 0 0 0 0 0 0 0 0 0 0 0 0 1 0 1 0 1 0 1 0 0 0 5 2 0 1 0 3 1 0 0 1 0 0 2 1
"challeng" 0 0 0 0 0 0 0 0 0 0 0 0 0 0 0 0 1 0 0 0 0 0 0 0 0 0 1 0 0 0 0 0 0 1 0 0 0 2 0 0 1 2 0 1 0 0 5 0 0 2 3 6 5 2 1 2 1 2 6 3
"era" 0 0 0 0 0 0 0 0 0 0 0 0 0 0 0 0 0 0 0 0 0 0 0 0 0 0 0 0 0 0 0 0 0 4 1 1 0 2 0 0 0 0 0 0 0 1 5 0 1 0 1 1 1 0 0 2 0 0 1 1
"dream" 0 0 0 0 0 0 0 0 0 0 0 0 0 3 0 0 1 0 0 0 0 0 0 0 0 0 0 0 0 0 0 0 0 1 0 0 0 1 0 0 0 0 0 0 1 3 2 5 5 3 0 0 7 1 0 0 1 6 2 7
"societi" 0 0 2 0 2 0 2 0 1 0 0 1 0 0 1 0 2 0 0 0 0 1 0 0 0 1 0 0 0 0 1 2 0 0 3 0 0 1 1 0 1 0 1 1 1 1 0 3 1 3 1 0 1 2 3 1 1 0 0 3
"say" 0 0 1 0 0 0 0 0 0 1 0 0 0 4 2 0 2 0 4 0 0 1 1 1 0 0 0 0 0 0 2 1 0 0 1 0 0 2 0 0 1 0 0 0 2 2 0 3 2 2 5 2 1 0 0 3 1 0 5 1
"enhanc" 0 0 0 0 0 1 0 1 1 0 0 0 1 0 0 0 0 0 0 0 0 0 0 0 0 0 0 0 0 0 0 0 0 0 1 0 0 0 0 0 0 0 0 0 0 1 0 3 0 0 0 0 0 0 0 0 0 0 0 0
"built" 0 0 0 0 0 0 0 0 0 0 0 0 0 0 0 0 0 0 0 0 0 0 1 0 0 0 0 0 0 0 2 2 0 0 1 0 0 0 2 0 0 0 0 0 0 0 1 3 0 0 0 0 2 0 1 0 1 0 0 2
"micah" 0 0 0 0 0 0 0 0 0 0 0 0 0 0 0 0 0 0 0 0 0 0 0 0 0 0 0 0 0 0 0 0 0 0 0 0 0 0 0 0 0 0 0 0 0 0 0 3 0 0 0 0 0 0 0 0 0 0 0 0
"commit" 1 0 1 1 0 0 0 1 2 1 0 0 1 5 1 1 0 0 0 0 0 1 0 1 1 0 0 1 1 0 0 0 0 3 1 1 0 0 0 0 0 0 0 2 0 3 2 2 1 0 1 0 0 5 1 0 2 0 0 0
"hero" 0 0 0 1 0 0 1 0 0 0 0 0 0 0 0 0 0 0 0 0 0 0 0 0 0 0 0 0 0 0 0 0 0 0 0 0 0 0 0 0 0 0 1 0 0 0 0 0 6 1 0 0 0 0 0 1 0 0 1 0
"beyond" 0 0 0 1 0 0 0 2 0 1 0 0 4 2 3 0 2 2 2 0 0 0 0 0 0 3 0 0 0 0 1 0 0 1 4 3 0 2 0 0 0 4 2 2 1 1 1 1 5 1 1 0 1 4 0 0 0 0 1 0
"monument" 0 0 0 1 0 0 0 0 0 0 0 0 0 0 0 0 0 0 0 0 0 0 0 0 0 0 0 0 0 0 0 0 0 0 0 0 0 0 0 0 0 0 0 0 0 0 0 0 4 0 0 0 0 0 0 0 0 0 0 0
"reduc" 0 0 0 0 1 1 0 0 1 2 0 0 0 0 0 0 0 0 0 0 0 0 0 0 0 1 1 0 1 0 2 0 0 2 0 1 1 0 0 0 1 0 0 0 0 1 2 0 1 7 0 0 0 1 0 0 1 0 0 0
"weapon" 0 0 0 0 0 0 0 0 0 0 0 0 0 0 0 0 0 0 0 0 0 0 0 0 0 0 0 0 0 0 0 0 0 0 0 0 0 0 0 0 1 0 1 1 2 0 0 2 3 6 0 0 1 1 0 0 0 0 0 2
"nuclear" 0 0 0 0 0 0 0 0 0 0 0 0 0 0 0 0 0 0 0 0 0 0 0 0 0 0 0 0 0 0 0 0 0 0 0 0 0 0 0 0 0 0 0 0 0 0 1 1 0 6 0 0 1 0 0 1 0 0 0 0
"turn" 0 0 0 0 0 0 0 2 1 1 0 0 0 0 0 0 1 0 2 0 0 0 0 0 0 1 1 1 0 1 0 0 2 5 1 0 0 1 0 0 1 3 1 0 0 3 4 0 0 5 5 1 0 1 0 1 2 0 2 1
"digniti" 0 0 0 0 0 0 0 1 0 0 0 0 0 0 0 0 0 0 0 0 0 0 0 0 1 0 0 0 0 0 0 0 1 0 1 0 0 0 0 0 1 2 2 0 0 2 1 1 1 5 0 0 1 2 3 1 2 0 3 1
"spend" 0 0 0 0 0 0 0 0 0 0 0 0 0 1 0 0 0 0 0 0 0 0 0 0 0 0 0 0 0 0 0 0 0 1 0 0 0 0 0 0 0 0 0 0 0 0 0 0 1 5 0 0 0 0 0 1 0 0 0 0
"senat" 1 0 1 0 0 0 0 0 0 0 0 0 0 5 0 1 0 0 0 0 0 0 1 0 0 1 0 3 0 0 0 1 0 0 0 0 0 0 0 0 1 0 0 0 0 1 1 0 2 4 3 0 0 0 0 0 0 0 0 1
"thank" 0 0 0 1 0 0 0 0 0 0 1 0 0 0 0 0 0 0 0 0 0 0 0 0 0 0 0 0 0 1 0 0 0 0 0 0 2 0 0 0 0 0 0 0 0 1 0 1 2 1 5 2 0 2 0 2 1 3 3 23
"breez" 0 0 0 0 0 0 0 0 0 0 0 0 0 0 0 0 0 0 0 0 0 0 0 0 0 0 0 0 0 0 0 0 0 0 0 0 0 0 0 0 0 0 0 0 0 0 0 0 0 0 5 0 0 0 0 0 0 0 0 0
"renew" 0 0 0 0 0 0 1 0 0 0 0 1 0 2 0 1 0 0 1 0 0 0 0 1 1 0 0 0 1 0 0 2 0 2 1 1 0 0 1 0 0 2 0 2 0 0 2 1 4 1 1 8 1 1 1 0 1 0 1 0
"idea" 0 0 3 0 0 0 0 0 0 0 0 0 0 4 0 0 1 0 1 0 0 0 0 0 0 0 1 0 0 0 0 0 0 0 0 0 0 0 0 0 0 1 0 0 0 1 1 1 1 1 3 6 1 0 0 1 2 0 0 0
"season" 0 0 0 0 0 0 1 0 1 0 0 0 1 1 1 0 0 1 0 0 0 0 0 2 0 0 0 0 0 0 0 0 1 0 0 0 0 0 0 0 0 0 0 0 0 0 0 0 0 0 0 4 0 0 0 0 0 0 0 0
"celebr" 0 0 0 0 0 0 0 0 0 0 0 0 0 2 0 0 0 0 0 0 0 0 0 1 0 1 0 0 0 0 0 0 0 0 0 0 0 0 0 0 0 0 0 1 0 4 1 0 0 1 1 4 1 0 2 2 1 3 1 0
"across" 0 0 0 0 0 0 0 0 0 0 0 0 0 0 0 0 0 1 0 0 0 0 0 2 0 0 0 0 0 0 0 1 0 0 1 0 0 0 1 0 0 0 3 1 0 1 0 0 1 0 0 4 2 1 1 3 0 5 1 0
"poster" 0 0 2 0 0 1 0 0 1 1 0 1 0 0 0 0 0 0 0 0 1 0 0 0 0 0 0 0 0 0 0 0 0 0 0 0 0 0 0 0 0 0 0 0 0 0 0 0 0 0 0 3 0 0 0 0 1 0 0 0
"spring" 0 0 2 0 0 1 0 0 0 0 0 0 2 0 0 0 1 0 1 0 0 0 0 0 0 0 0 1 0 0 0 0 1 0 0 0 0 0 0 0 0 0 0 0 0 0 0 0 0 1 0 3 0 0 0 0 0 0 0 0
"enough" 0 0 0 3 0 0 0 0 0 0 0 0 1 2 0 0 0 0 0 0 0 0 0 0 0 0 0 1 0 0 0 2 0 0 2 2 0 1 2 0 0 0 0 0 2 1 0 0 1 0 0 1 6 0 0 0 0 0 2 0
"end" 0 0 2 0 0 0 0 0 1 1 1 1 2 1 1 0 0 1 0 0 1 2 3 1 1 3 0 1 1 0 0 0 0 1 0 2 3 1 1 0 3 0 0 2 1 0 3 2 3 1 3 1 4 2 3 4 1 0 1 8
"move" 0 0 0 0 0 0 0 0 0 0 0 0 0 1 0 0 1 0 0 0 0 0 0 1 0 2 1 0 0 0 0 1 0 0 1 1 1 1 1 0 2 0 0 0 1 1 1 1 0 1 3 0 4 1 5 1 1 0 2 1
"stori" 0 0 0 0 0 0 0 0 0 0 0 0 0 0 0 0 0 0 0 0 0 0 0 0 0 0 0 0 0 0 0 0 0 0 0 0 0 0 1 0 0 0 1 0 0 0 0 0 0 1 2 0 0 10 0 0 0 0 9 0
"sometim" 0 0 0 2 2 0 0 0 0 2 0 1 2 2 0 0 0 0 0 0 0 0 0 0 0 0 0 0 0 0 0 0 0 0 0 0 0 0 1 1 0 0 1 0 0 0 0 0 0 0 3 0 0 4 0 0 1 0 0 0
"defend" 0 0 0 0 0 0 0 0 0 1 2 0 1 2 1 1 0 3 2 0 0 0 0 0 2 3 3 1 2 0 1 0 0 0 0 0 0 0 0 0 0 1 0 1 0 1 1 0 0 0 0 0 0 4 4 0 1 2 4 2
"seen" 0 0 1 2 1 1 1 1 2 0 0 0 1 1 0 0 0 0 1 0 0 0 0 0 0 0 0 0 0 1 0 0 0 3 1 0 0 0 2 0 0 0 0 0 0 1 0 0 1 0 2 0 0 0 6 0 0 1 0 2
"tyranni" 0 0 0 0 0 0 0 0 0 0 0 0 0 0 0 0 0 0 0 0 0 0 0 0 0 0 0 0 0 0 1 0 0 0 0 0 0 0 1 0 1 0 0 2 1 0 0 0 0 0 0 0 1 0 5 0 1 0 0 1
"fire" 1 0 0 0 0 0 0 0 0 0 0 0 0 0 1 0 0 0 0 0 0 1 0 1 0 1 0 0 0 0 1 0 1 0 0 0 0 0 2 0 0 1 1 1 0 0 0 0 1 0 0 0 0 0 4 0 1 0 1 1
"crisi" 1 0 1 0 1 0 0 1 0 0 0 1 0 0 0 0 1 0 0 0 0 0 0 0 0 0 0 0 1 0 0 0 0 0 0 0 1 0 1 0 0 0 0 0 0 2 0 0 2 0 0 1 0 0 0 4 1 0 2 4
"remain" 1 0 2 0 3 0 0 0 4 1 0 1 5 2 4 1 0 2 1 0 0 0 2 0 0 2 0 1 3 1 1 0 2 0 0 0 1 0 1 0 0 1 0 1 0 2 2 0 0 3 1 0 1 1 0 4 1 0 0 1
"whether" 0 0 0 0 3 0 0 1 1 1 0 0 2 1 5 0 2 3 1 0 2 0 0 1 0 0 0 1 0 0 5 3 2 0 0 1 0 2 0 0 0 0 1 2 0 1 0 0 0 0 1 1 0 0 0 4 0 3 0 0
"job" 0 0 0 0 0 0 0 0 0 0 0 0 0 0 0 0 0 0 0 0 0 0 0 0 0 0 0 0 0 0 0 0 0 0 0 0 0 1 0 0 0 0 0 0 0 0 0 0 2 0 1 1 1 0 0 4 3 5 3 0
"journey" 0 0 0 0 0 0 0 0 0 0 0 0 0 0 0 0 0 0 0 0 0 0 0 0 0 0 0 0 0 0 0 0 0 0 0 1 0 0 0 0 0 0 0 0 1 0 0 0 0 4 0 2 4 0 1 3 6 0 0 1
"creed" 0 0 0 1 0 0 0 0 0 1 0 0 0 0 1 0 0 0 0 0 0 0 1 0 0 0 0 0 0 0 0 0 0 0 0 0 0 0 0 1 0 1 0 0 0 0 0 0 0 1 0 0 1 1 0 1 5 0 0 1
"complet" 0 0 0 0 1 0 0 4 4 0 0 1 1 1 2 0 0 0 0 0 0 0 2 0 0 0 2 0 3 0 4 1 0 1 2 1 0 0 0 0 0 1 0 0 0 0 0 0 0 0 0 0 0 0 1 0 5 0 1 3
"back" 0 0 0 0 0 0 0 0 1 1 0 0 3 0 0 0 0 0 0 0 0 0 0 0 0 0 0 0 0 0 1 0 2 0 2 0 0 1 0 0 1 0 1 2 0 0 0 0 4 3 2 1 1 0 0 2 0 6 0 10
"bring" 1 0 0 1 0 1 1 2 0 0 0 0 1 3 1 0 0 0 0 0 1 1 0 0 1 3 0 0 0 1 2 0 0 0 0 2 1 1 0 0 2 2 1 2 0 1 2 1 0 2 3 2 0 2 2 1 1 4 1 8
"wealth" 0 0 1 0 0 0 0 0 0 0 0 0 2 2 0 0 3 0 0 1 0 0 0 0 0 4 0 0 0 2 0 1 0 1 0 1 1 2 1 0 0 2 1 0 1 2 0 0 1 0 0 0 1 0 1 2 0 4 0 3
"everyon" 0 0 0 0 0 0 0 0 0 0 0 0 0 0 0 1 0 0 0 0 0 0 0 0 0 0 0 0 0 0 1 0 0 0 0 0 0 0 0 0 0 0 0 0 0 1 0 0 0 0 0 0 1 3 0 0 0 4 0 1
"citi" 0 0 1 0 0 0 0 1 3 1 0 0 0 0 0 0 0 0 0 1 0 0 0 0 0 0 0 0 0 0 2 0 0 1 0 0 1 1 1 0 0 1 1 0 1 1 0 0 1 0 0 1 0 0 0 1 0 3 0 4
"left" 0 0 0 1 3 0 0 0 0 1 1 0 3 3 0 0 0 0 1 0 0 0 0 0 0 1 0 0 0 1 0 0 0 2 0 0 0 1 0 0 0 0 0 0 0 2 0 0 1 2 0 0 0 0 0 0 1 3 1 0
"famili" 0 0 0 0 1 0 1 1 0 0 0 0 0 2 3 0 0 2 0 0 0 0 0 2 1 0 0 0 1 0 0 0 1 0 0 0 1 2 0 0 1 1 1 0 2 0 0 1 1 3 0 3 3 1 1 1 1 3 1 3
"capit" 0 0 0 0 0 0 0 2 0 0 0 0 0 1 0 0 0 0 0 0 0 0 0 1 3 2 0 1 0 0 4 1 0 0 0 0 0 0 1 0 2 2 0 0 0 1 0 0 0 0 0 0 0 0 0 2 0 3 0 0
"transfer" 0 0 0 0 0 0 0 0 2 0 0 0 0 0 2 0 0 0 0 0 0 0 0 0 1 0 0 0 1 0 0 0 0 0 0 1 0 0 0 0 0 0 0 0 0 2 0 0 1 0 0 0 0 1 0 0 0 3 1 0
"uniti" 0 0 0 0 0 0 0 0 0 0 0 0 0 0 0 0 0 0 0 0 0 0 0 0 0 1 0 1 0 0 0 0 2 1 1 0 2 0 0 0 0 3 2 0 2 2 0 2 0 1 3 1 0 1 2 1 0 1 8 2
"soul" 0 0 0 0 0 0 0 0 0 0 0 0 0 1 0 0 0 0 0 0 0 0 0 0 0 0 0 0 0 1 0 0 0 1 0 0 0 0 0 0 0 0 0 0 0 0 0 0 0 1 3 0 1 1 3 0 1 0 5 1
"win" 1 0 0 0 0 0 0 0 0 0 0 0 0 0 0 0 0 0 0 0 0 0 0 1 0 0 0 0 0 0 1 0 0 0 0 0 0 0 0 0 0 1 0 0 0 1 0 0 1 0 0 1 0 0 0 0 0 2 0 5
"immedi" 0 0 0 1 0 1 0 1 1 2 0 0 1 3 0 0 0 0 1 0 0 0 1 1 0 0 0 3 0 0 2 0 3 1 0 0 2 0 0 1 0 0 0 0 0 0 0 0 0 0 0 0 0 0 0 0 0 0 0 5
"also" 0 0 0 0 1 0 1 0 4 0 0 0 4 4 2 0 1 2 2 0 1 0 2 0 0 0 3 1 0 1 3 2 0 1 0 1 0 1 1 0 1 1 1 0 0 2 2 1 0 1 0 0 0 1 3 2 2 0 1 5
"recent" 0 0 0 0 0 0 0 0 1 1 1 0 2 0 0 0 2 2 0 0 0 0 1 1 0 2 0 2 1 0 1 0 0 0 2 3 0 0 1 0 0 0 1 0 0 0 1 1 0 0 0 0 0 0 0 0 0 0 1 5
"panama" 0 0 0 0 0 0 0 0 0 0 0 0 0 0 0 0 0 0 0 0 0 0 0 0 0 0 0 0 0 0 2 0 0 0 0 0 0 0 0 0 0 0 0 0 0 0 0 0 0 0 0 0 0 0 0 0 0 0 0 5
